1000. 0.
1004. 0.
1008. 0.
1012. 0.
1016. 0.
1020. 0.
1024. 0.
1028. 0.
1032. 0.
1036. 0.
1040. 0.
1044. 0.
1048. 0.
1052. 0.
1056. 0.
1060. 0.
1064. 0.
1068. 0.
1072. 0.
1076. 0.
1080. 0.
1084. 0.
1088. 0.
1092. 0.
1096. 0.
1100. 0.
1104. 0.
1108. 0.
1112. 0.
1116. 0.
1120. 0.
1124. 0.
1128. 0.
1132. 0.
1136. 0.
1140. 0.
1144. 0.
1148. 0.
1152. 0.
1156. 0.
1160. 0.
1164. 0.
1168. 0.
1172. 0.
1176. 0.
1180. 0.
1184. 0.
1188. 0.
1192. 0.
1196. 0.
1200. 0.
1204. 0.
1208. 0.
1212. 0.
1216. 0.
1220. 0.
1224. 0.
1228. 0.
1232. 9.763000e-15
1236. 9.542000e-15
1240. 7.638000e-15
1244. 5.621000e-15
1248. 3.971000e-15
1252. 1.390000e-15
1256. 4.383000e-15
1260. 3.934000e-15
1264. 3.659000e-15
1268. 1.419000e-15
1272. 3.073000e-15
1276. 2.283000e-15
1280. 3.438000e-15
1284. 6.301000e-15
1288. 2.871000e-15
1292. 1.064000e-15
1296. 2.686000e-15
1300. 2.033000e-15
1304. 7.554000e-16
1308. 2.381000e-15
1312. 3.616000e-15
1316. 2.759000e-15
1320. 3.762000e-15
1324. 3.460000e-15
1328. 5.791000e-16
1332. 8.954000e-16
1336. 8.885000e-17
1340. 2.423000e-15
1344. 1.759000e-15
1348. 1.350000e-16
1352. 7.377000e-16
1356. 2.072000e-15
1360. 1.503000e-15
1364. 2.281000e-15
1368. 2.770000e-15
1372. 2.018000e-15
1376. 1.350000e-15
1380. 3.120000e-15
1384. 4.718000e-15
1388. 3.755000e-15
1392. 4.978000e-15
1396. 1.969000e-15
1400. 2.502000e-15
1404. 1.491000e-15
1408. 5.822000e-16
1412. 1.155000e-15
1416. 9.677000e-16
1420. 4.178000e-16
1424. 2.794000e-17
1428. 1.041000e-15
1432. 2.807000e-15
1436. 1.177000e-15
1440. 2.497000e-15
1444. 3.912000e-15
1448. 1.603000e-15
1452. 3.666000e-15
1456. 2.420000e-15
1460. 4.550000e-15
1464. 3.069000e-15
1468. 9.109000e-17
1472. 4.284000e-15
1476. 1.357000e-15
1480. 2.569000e-15
1484. 1.524000e-15
1488. 1.432000e-15
1492. 4.611000e-15
1496. 7.439000e-16
1500. 4.653000e-16
1504. 2.311000e-15
1508. 2.917000e-15
1512. 5.171000e-15
1516. 3.128000e-15
1520. 1.426000e-15
1524. 0.
1528. 4.984000e-16
1532. 1.047000e-16
1536. 1.097000e-15
1540. 3.845000e-15
1544. 3.795000e-15
1548. 2.618000e-15
1552. 7.588000e-16
1556. 3.827000e-15
1560. 4.642000e-16
1564. 1.425000e-15
1568. 7.705000e-16
1572. 2.993000e-15
1576. 6.811000e-16
1580. 1.992000e-15
1584. 3.753000e-16
1588. 3.421000e-15
1592. 3.072000e-16
1596. 4.582000e-15
1600. 4.335000e-15
1604. 1.923000e-15
1608. 4.607000e-16
1612. 2.309000e-15
1616. 2.725000e-15
1620. 2.615000e-15
1624. 7.456000e-16
1628. 1.152000e-15
1632. 4.790000e-17
1636. 1.829000e-17
1640. 3.228000e-15
1644. 1.498000e-15
1648. 2.003000e-15
1652. 1.360000e-15
1656. 6.622000e-15
1660. 2.094000e-15
1664. 4.535000e-15
1668. 1.390000e-15
1672. 1.963000e-15
1676. 1.838000e-15
1680. 1.480000e-15
1684. 1.313000e-16
1688. 2.887000e-16
1692. 1.335000e-15
1696. 2.295000e-15
1700. 1.058000e-15
1704. 1.757000e-15
1708. 1.625000e-15
1712. 1.592000e-15
1716. 2.438000e-15
1720. 1.749000e-15
1724. 3.271000e-15
1728. 4.558000e-15
1732. 1.675000e-15
1736. 2.131000e-16
1740. 4.536000e-15
1744. 4.766000e-15
1748. 3.802000e-15
1752. 1.876000e-15
1756. 3.113000e-15
1760. 2.155000e-15
1764. 1.873000e-15
1768. 2.384000e-15
1772. 2.865000e-15
1776. 6.828000e-16
1780. 8.214000e-16
1784. 1.066000e-15
1788. 4.167000e-16
1792. 1.635000e-15
1796. 9.474000e-16
1800. 9.055000e-16
1804. 1.255000e-15
1808. 2.673000e-15
1812. 4.829000e-15
1816. 3.173000e-15
1820. 2.898000e-15
1824. 1.479000e-15
1828. 2.440000e-15
1832. 1.748000e-15
1836. 1.404000e-15
1840. 2.031000e-15
1844. 2.480000e-15
1848. 2.072000e-15
1852. 1.553000e-15
1856. 1.317000e-15
1860. 5.524000e-16
1864. 8.029000e-16
1868. 1.497000e-15
1872. 2.091000e-15
1876. 2.821000e-15
1880. 3.013000e-15
1884. 2.307000e-15
1888. 2.047000e-15
1892. 3.485000e-15
1896. 2.672000e-15
1900. 1.473000e-15
1904. 2.792000e-15
1908. 3.056000e-15
1912. 1.204000e-15
1916. 7.429000e-16
1920. 1.423000e-15
1924. 2.137000e-15
1928. 7.158000e-16
1932. 7.467000e-16
1936. 1.229000e-16
1940. 1.069000e-15
1944. 2.197000e-15
1948. 1.882000e-15
1952. 2.185000e-15
1956. 6.656000e-16
1960. 1.144000e-15
1964. 1.669000e-15
1968. 7.475000e-15
1972. 5.955000e-15
1976. 2.121000e-15
1980. 9.001000e-16
1984. 2.780000e-15
1988. 3.412000e-15
1992. 5.805000e-15
1996. 3.120000e-15
2000. 9.854000e-16
2004. 1.455000e-15
2008. 3.238000e-15
2012. 1.929000e-15
2016. 4.364000e-16
2020. 4.655000e-15
2024. 4.027000e-15
2028. 1.040000e-15
2032. 4.332000e-15
2036. 3.782000e-15
2040. 2.877000e-15
2044. 3.716000e-15
2048. 5.056000e-15
2052. 2.805000e-15
2056. 5.476000e-15
2060. 2.662000e-15
2064. 1.656000e-15
2068. 2.031000e-15
2072. 2.279000e-15
2076. 3.366000e-15
2080. 4.178000e-15
2084. 3.637000e-15
2088. 3.181000e-15
2092. 2.049000e-15
2096. 1.708000e-15
2100. 1.126000e-15
2104. 2.428000e-15
2108. 3.867000e-15
2112. 5.103000e-15
2116. 7.531000e-16
2120. 1.192000e-15
2124. 3.718000e-15
2128. 3.870000e-15
2132. 5.124000e-15
2136. 4.054000e-15
2140. 1.267000e-15
2144. 2.344000e-15
2148. 6.253000e-15
2152. 1.474000e-16
2156. 1.552000e-15
2160. 1.578000e-15
2164. 1.386000e-15
2168. 1.891000e-15
2172. 4.755000e-15
2176. 3.566000e-15
2180. 5.528000e-15
2184. 3.914000e-15
2188. 9.643000e-15
2192. 4.111000e-15
2196. 5.751000e-15
2200. 5.859000e-15
2204. 5.269000e-15
2208. 3.392000e-15
2212. 5.602000e-15
2216. 3.760000e-15
2220. 4.185000e-15
2224. 7.527000e-16
2228. 5.899000e-15
2232. 5.993000e-15
2236. 3.933000e-15
2240. 3.311000e-15
2244. 7.554000e-15
2248. 1.957000e-15
2252. 6.969000e-15
2256. 5.350000e-15
2260. 2.929000e-15
2264. 3.895000e-15
2268. 2.278000e-17
2272. 2.714000e-15
2276. 3.063000e-15
2280. 4.312000e-16
2284. 2.400000e-15
2288. 2.689000e-15
2292. 1.852000e-15
2296. 5.296000e-15
2300. 4.228000e-15
2304. 1.696000e-15
2308. 5.259000e-15
2312. 2.289000e-15
2316. 3.258000e-15
2320. 5.228000e-16
2324. 3.072000e-15
2328. 4.560000e-15
2332. 3.274000e-15
2336. 1.987000e-15
2340. 4.122000e-15
2344. 3.469000e-15
2348. 2.862000e-15
2352. 1.578000e-15
2356. 1.145000e-15
2360. 2.106000e-15
2364. 1.608000e-15
2368. 1.403000e-15
2372. 3.685000e-15
2376. 2.673000e-15
2380. 4.187000e-15
2384. 1.227000e-15
2388. 1.917000e-15
2392. 3.845000e-15
2396. 4.515000e-15
2400. 3.494000e-15
2404. 1.860000e-15
2408. 1.848000e-15
2412. 2.214000e-15
2416. 2.824000e-15
2420. 4.226000e-15
2424. 3.569000e-15
2428. 4.352000e-15
2432. 3.376000e-15
2436. 2.549000e-15
2440. 3.822000e-15
2444. 3.080000e-15
2448. 2.457000e-15
2452. 1.194000e-15
2456. 3.920000e-15
2460. 4.322000e-15
2464. 2.641000e-15
2468. 3.857000e-15
2472. 2.073000e-15
2476. 4.236000e-15
2480. 2.592000e-15
2484. 1.726000e-15
2488. 2.418000e-15
2492. 2.999000e-15
2496. 2.073000e-15
2500. 3.258000e-15
2504. 2.583000e-15
2508. 3.506000e-15
2512. 1.668000e-15
2516. 1.397000e-15
2520. 1.350000e-15
2524. 2.578000e-15
2528. 1.274000e-15
2532. 3.490000e-15
2536. 2.130000e-15
2540. 2.659000e-15
2544. 1.794000e-15
2548. 7.352000e-16
2552. 2.516000e-15
2556. 3.316000e-15
2560. 3.256000e-15
2564. 3.354000e-15
2568. 2.166000e-15
2572. 2.288000e-15
2576. 2.983000e-15
2580. 3.980000e-15
2584. 4.177000e-15
2588. 3.790000e-15
2592. 1.570000e-15
2596. 3.113000e-15
2600. 4.323000e-15
2604. 3.422000e-15
2608. 3.670000e-15
2612. 3.541000e-15
2616. 3.725000e-15
2620. 3.801000e-15
2624. 4.148000e-15
2628. 3.265000e-15
2632. 3.918000e-15
2636. 3.400000e-15
2640. 5.286000e-15
2644. 5.404000e-15
2648. 7.003000e-15
2652. 6.211000e-15
2656. 5.376000e-15
2660. 5.010000e-15
2664. 5.346000e-15
2668. 4.697000e-15
2672. 5.292000e-15
2676. 5.562000e-15
2680. 5.550000e-15
2684. 5.305000e-15
2688. 4.574000e-15
2692. 4.559000e-15
2696. 4.991000e-15
2700. 5.288000e-15
2704. 5.962000e-15
2708. 6.348000e-15
2712. 5.948000e-15
2716. 5.106000e-15
2720. 5.209000e-15
2724. 4.640000e-15
2728. 4.530000e-15
2732. 3.905000e-15
2736. 4.990000e-15
2740. 5.017000e-15
2744. 4.305000e-15
2748. 3.581000e-15
2752. 4.554000e-15
2756. 4.306000e-15
2760. 4.262000e-15
2764. 4.853000e-15
2768. 5.149000e-15
2772. 5.496000e-15
2776. 4.945000e-15
2780. 4.983000e-15
2784. 4.970000e-15
2788. 4.551000e-15
2792. 3.574000e-15
2796. 2.923000e-15
2800. 2.843000e-15
2804. 3.326000e-15
2808. 4.341000e-15
2812. 4.518000e-15
2816. 5.099000e-15
2820. 5.714000e-15
2824. 6.141000e-15
2828. 6.477000e-15
2832. 6.636000e-15
2836. 6.383000e-15
2840. 5.851000e-15
2844. 4.732000e-15
2848. 3.870000e-15
2852. 3.444000e-15
2856. 3.845000e-15
2860. 4.837000e-15
2864. 5.571000e-15
2868. 5.393000e-15
2872. 6.540000e-15
2876. 6.669000e-15
2880. 6.516000e-15
2884. 6.276000e-15
2888. 7.352000e-15
2892. 8.443000e-15
2896. 9.022000e-15
2900. 9.173000e-15
2904. 8.917000e-15
2908. 1.007000e-14
2912. 1.088000e-14
2916. 1.012000e-14
2920. 9.919000e-15
2924. 9.906000e-15
2928. 8.470000e-15
2932. 8.522000e-15
2936. 8.771000e-15
2940. 7.803000e-15
2944. 9.595000e-15
2948. 9.694000e-15
2952. 8.990000e-15
2956. 8.985000e-15
2960. 9.809000e-15
2964. 1.015000e-14
2968. 9.632000e-15
2972. 9.552000e-15
2976. 1.072000e-14
2980. 1.043000e-14
2984. 9.579000e-15
2988. 1.023000e-14
2992. 9.461000e-15
2996. 8.542000e-15
3000. 7.924000e-15
3004. 7.792000e-15
3008. 7.965000e-15
3012. 8.710000e-15
3016. 9.440000e-15
3020. 9.849000e-15
3024. 8.554000e-15
3028. 9.303000e-15
3032. 1.009000e-14
3036. 1.135000e-14
3040. 1.131000e-14
3044. 1.032000e-14
3048. 9.595000e-15
3052. 9.557000e-15
3056. 1.130000e-14
3060. 1.000000e-14
3064. 9.897000e-15
3068. 1.078000e-14
3072. 1.377000e-14
3076. 1.217000e-14
3080. 1.286000e-14
3084. 1.320000e-14
3088. 1.237000e-14
3092. 1.056000e-14
3096. 1.054000e-14
3100. 1.014000e-14
3104. 1.048000e-14
3108. 1.048000e-14
3112. 1.253000e-14
3116. 1.346000e-14
3120. 1.402000e-14
3124. 1.361000e-14
3128. 1.274000e-14
3132. 1.367000e-14
3136. 1.333000e-14
3140. 1.295000e-14
3144. 1.449000e-14
3148. 1.383000e-14
3152. 1.539000e-14
3156. 1.307000e-14
3160. 1.557000e-14
3164. 1.573000e-14
3168. 1.524000e-14
3172. 1.647000e-14
3176. 1.881000e-14
3180. 1.490000e-14
3184. 1.702000e-14
3188. 1.785000e-14
3192. 1.702000e-14
3196. 1.442000e-14
3200. 1.796000e-14
3204. 1.040000e-14
3208. 8.664000e-15
3212. 9.759000e-15
3216. 1.343000e-14
3220. 1.631000e-14
3224. 1.559000e-14
3228. 1.345000e-14
3232. 9.979000e-15
3236. 8.002000e-15
3240. 1.007000e-14
3244. 1.435000e-14
3248. 1.448000e-14
3252. 1.321000e-14
3256. 1.212000e-14
3260. 1.264000e-14
3264. 1.357000e-14
3268. 1.462000e-14
3272. 1.514000e-14
3276. 1.257000e-14
3280. 9.972000e-15
3284. 9.766000e-15
3288. 1.503000e-14
3292. 2.017000e-14
3296. 1.902000e-14
3300. 1.944000e-14
3304. 2.046000e-14
3308. 1.828000e-14
3312. 1.894000e-14
3316. 2.136000e-14
3320. 1.833000e-14
3324. 1.467000e-14
3328. 1.558000e-14
3332. 1.617000e-14
3336. 1.515000e-14
3340. 1.412000e-14
3344. 1.343000e-14
3348. 1.527000e-14
3352. 1.645000e-14
3356. 1.558000e-14
3360. 1.243000e-14
3364. 1.045000e-14
3368. 1.175000e-14
3372. 1.076000e-14
3376. 1.393000e-14
3380. 9.839000e-15
3384. 9.472000e-15
3388. 1.160000e-14
3392. 1.431000e-14
3396. 1.548000e-14
3400. 1.520000e-14
3404. 1.490000e-14
3408. 1.406000e-14
3412. 1.160000e-14
3416. 1.093000e-14
3420. 1.346000e-14
3424. 1.510000e-14
3428. 1.674000e-14
3432. 1.587000e-14
3436. 1.318000e-14
3440. 1.140000e-14
3444. 1.115000e-14
3448. 1.143000e-14
3452. 1.138000e-14
3456. 1.236000e-14
3460. 1.278000e-14
3464. 1.201000e-14
3468. 1.240000e-14
3472. 1.291000e-14
3476. 1.182000e-14
3480. 1.194000e-14
3484. 1.374000e-14
3488. 1.539000e-14
3492. 1.492000e-14
3496. 1.342000e-14
3500. 1.386000e-14
3504. 1.526000e-14
3508. 1.684000e-14
3512. 1.736000e-14
3516. 1.661000e-14
3520. 1.558000e-14
3524. 1.448000e-14
3528. 1.454000e-14
3532. 1.635000e-14
3536. 1.853000e-14
3540. 1.924000e-14
3544. 1.987000e-14
3548. 1.855000e-14
3552. 1.665000e-14
3556. 1.490000e-14
3560. 1.296000e-14
3564. 1.182000e-14
3568. 1.204000e-14
3572. 1.301000e-14
3576. 1.325000e-14
3580. 1.294000e-14
3584. 1.329000e-14
3588. 1.437000e-14
3592. 1.506000e-14
3596. 1.592000e-14
3600. 1.673000e-14
3604. 1.622000e-14
3608. 1.509000e-14
3612. 1.594000e-14
3616. 1.911000e-14
3620. 2.151000e-14
3624. 2.074000e-14
3628. 1.783000e-14
3632. 1.545000e-14
3636. 1.523000e-14
3640. 1.568000e-14
3644. 1.601000e-14
3648. 1.646000e-14
3652. 1.764000e-14
3656. 1.963000e-14
3660. 2.103000e-14
3664. 2.149000e-14
3668. 2.133000e-14
3672. 2.173000e-14
3676. 2.249000e-14
3680. 2.315000e-14
3684. 2.287000e-14
3688. 2.147000e-14
3692. 1.997000e-14
3696. 1.907000e-14
3700. 2.006000e-14
3704. 1.997000e-14
3708. 1.928000e-14
3712. 2.038000e-14
3716. 2.128000e-14
3720. 1.889000e-14
3724. 1.772000e-14
3728. 1.944000e-14
3732. 1.982000e-14
3736. 1.775000e-14
3740. 1.580000e-14
3744. 1.438000e-14
3748. 1.328000e-14
3752. 1.407000e-14
3756. 1.655000e-14
3760. 1.714000e-14
3764. 1.656000e-14
3768. 1.726000e-14
3772. 1.906000e-14
3776. 2.209000e-14
3780. 2.286000e-14
3784. 2.255000e-14
3788. 2.080000e-14
3792. 1.916000e-14
3796. 1.697000e-14
3800. 1.786000e-14
3804. 1.824000e-14
3808. 1.838000e-14
3812. 1.855000e-14
3816. 1.782000e-14
3820. 1.629000e-14
3824. 1.463000e-14
3828. 1.301000e-14
3832. 1.224000e-14
3836. 1.157000e-14
3840. 1.146000e-14
3844. 1.218000e-14
3848. 1.464000e-14
3852. 1.566000e-14
3856. 1.525000e-14
3860. 1.454000e-14
3864. 1.522000e-14
3868. 1.591000e-14
3872. 1.629000e-14
3876. 1.599000e-14
3880. 1.639000e-14
3884. 1.653000e-14
3888. 1.764000e-14
3892. 2.005000e-14
3896. 2.280000e-14
3900. 2.254000e-14
3904. 2.195000e-14
3908. 2.234000e-14
3912. 2.330000e-14
3916. 2.387000e-14
3920. 2.093000e-14
3924. 1.798000e-14
3928. 1.563000e-14
3932. 1.183000e-14
3936. 9.553000e-15
3940. 1.058000e-14
3944. 1.423000e-14
3948. 1.866000e-14
3952. 2.146000e-14
3956. 2.289000e-14
3960. 2.123000e-14
3964. 1.786000e-14
3968. 1.420000e-14
3972. 1.442000e-14
3976. 1.816000e-14
3980. 2.243000e-14
3984. 2.629000e-14
3988. 2.861000e-14
3992. 3.150000e-14
3996. 3.247000e-14
4000. 3.214000e-14
4004. 3.310000e-14
4008. 3.507000e-14
4012. 3.623000e-14
4016. 3.607000e-14
4020. 3.604000e-14
4024. 3.635000e-14
4028. 3.585000e-14
4032. 3.511000e-14
4036. 3.358000e-14
4040. 3.323000e-14
4044. 3.271000e-14
4048. 3.251000e-14
4052. 3.334000e-14
4056. 3.368000e-14
4060. 3.208000e-14
4064. 3.166000e-14
4068. 3.249000e-14
4072. 3.316000e-14
4076. 3.357000e-14
4080. 3.427000e-14
4084. 3.582000e-14
4088. 3.787000e-14
4092. 3.749000e-14
4096. 3.578000e-14
4100. 3.367000e-14
4104. 3.188000e-14
4108. 3.261000e-14
4112. 3.488000e-14
4116. 3.649000e-14
4120. 3.769000e-14
4124. 3.652000e-14
4128. 3.513000e-14
4132. 3.353000e-14
4136. 3.327000e-14
4140. 3.477000e-14
4144. 3.431000e-14
4148. 3.257000e-14
4152. 3.162000e-14
4156. 3.235000e-14
4160. 3.330000e-14
4164. 3.363000e-14
4168. 3.306000e-14
4172. 3.213000e-14
4176. 3.222000e-14
4180. 3.250000e-14
4184. 3.373000e-14
4188. 3.454000e-14
4192. 3.407000e-14
4196. 3.310000e-14
4200. 3.288000e-14
4204. 3.381000e-14
4208. 3.596000e-14
4212. 3.604000e-14
4216. 3.674000e-14
4220. 3.726000e-14
4224. 3.648000e-14
4228. 3.514000e-14
4232. 3.541000e-14
4236. 3.600000e-14
4240. 3.736000e-14
4244. 3.897000e-14
4248. 3.844000e-14
4252. 3.757000e-14
4256. 3.739000e-14
4260. 3.811000e-14
4264. 3.983000e-14
4268. 3.950000e-14
4272. 3.646000e-14
4276. 3.443000e-14
4280. 3.606000e-14
4284. 3.773000e-14
4288. 3.748000e-14
4292. 3.510000e-14
4296. 3.348000e-14
4300. 3.156000e-14
4304. 2.972000e-14
4308. 2.900000e-14
4312. 3.138000e-14
4316. 3.718000e-14
4320. 4.100000e-14
4324. 4.191000e-14
4328. 4.208000e-14
4332. 4.372000e-14
4336. 4.426000e-14
4340. 4.269000e-14
4344. 4.261000e-14
4348. 4.269000e-14
4352. 4.399000e-14
4356. 4.441000e-14
4360. 4.591000e-14
4364. 4.715000e-14
4368. 4.688000e-14
4372. 4.558000e-14
4376. 4.336000e-14
4380. 4.133000e-14
4384. 3.999000e-14
4388. 4.025000e-14
4392. 4.174000e-14
4396. 4.384000e-14
4400. 4.424000e-14
4404. 4.320000e-14
4408. 4.282000e-14
4412. 4.439000e-14
4416. 4.602000e-14
4420. 4.765000e-14
4424. 4.796000e-14
4428. 4.815000e-14
4432. 4.801000e-14
4436. 4.846000e-14
4440. 4.937000e-14
4444. 5.028000e-14
4448. 5.020000e-14
4452. 4.953000e-14
4456. 4.745000e-14
4460. 4.699000e-14
4464. 4.720000e-14
4468. 4.846000e-14
4472. 5.045000e-14
4476. 5.217000e-14
4480. 5.297000e-14
4484. 5.225000e-14
4488. 5.159000e-14
4492. 5.046000e-14
4496. 5.051000e-14
4500. 5.261000e-14
4504. 5.570000e-14
4508. 5.813000e-14
4512. 5.937000e-14
4516. 5.888000e-14
4520. 5.642000e-14
4524. 5.257000e-14
4528. 4.975000e-14
4532. 4.846000e-14
4536. 4.918000e-14
4540. 5.085000e-14
4544. 5.281000e-14
4548. 5.313000e-14
4552. 5.265000e-14
4556. 5.302000e-14
4560. 5.495000e-14
4564. 5.706000e-14
4568. 5.771000e-14
4572. 5.786000e-14
4576. 5.615000e-14
4580. 5.440000e-14
4584. 5.385000e-14
4588. 5.530000e-14
4592. 5.615000e-14
4596. 5.527000e-14
4600. 5.443000e-14
4604. 5.499000e-14
4608. 5.606000e-14
4612. 5.746000e-14
4616. 5.795000e-14
4620. 5.813000e-14
4624. 5.661000e-14
4628. 5.617000e-14
4632. 5.644000e-14
4636. 5.604000e-14
4640. 5.460000e-14
4644. 5.333000e-14
4648. 5.267000e-14
4652. 5.270000e-14
4656. 5.322000e-14
4660. 5.442000e-14
4664. 5.343000e-14
4668. 5.234000e-14
4672. 5.214000e-14
4676. 5.239000e-14
4680. 5.237000e-14
4684. 5.174000e-14
4688. 5.087000e-14
4692. 5.092000e-14
4696. 5.133000e-14
4700. 5.097000e-14
4704. 5.148000e-14
4708. 5.189000e-14
4712. 5.154000e-14
4716. 5.140000e-14
4720. 5.243000e-14
4724. 5.321000e-14
4728. 5.382000e-14
4732. 5.389000e-14
4736. 5.421000e-14
4740. 5.511000e-14
4744. 5.536000e-14
4748. 5.566000e-14
4752. 5.641000e-14
4756. 5.616000e-14
4760. 5.541000e-14
4764. 5.427000e-14
4768. 5.406000e-14
4772. 5.525000e-14
4776. 5.720000e-14
4780. 5.786000e-14
4784. 5.772000e-14
4788. 5.670000e-14
4792. 5.660000e-14
4796. 5.727000e-14
4800. 5.712000e-14
4804. 5.792000e-14
4808. 5.802000e-14
4812. 5.730000e-14
4816. 5.859000e-14
4820. 5.841000e-14
4824. 5.803000e-14
4828. 5.759000e-14
4832. 5.639000e-14
4836. 5.595000e-14
4840. 5.761000e-14
4844. 5.749000e-14
4848. 5.671000e-14
4852. 5.560000e-14
4856. 5.306000e-14
4860. 5.117000e-14
4864. 4.983000e-14
4868. 5.037000e-14
4872. 5.249000e-14
4876. 5.408000e-14
4880. 5.533000e-14
4884. 5.534000e-14
4888. 5.372000e-14
4892. 5.343000e-14
4896. 5.544000e-14
4900. 5.685000e-14
4904. 5.715000e-14
4908. 5.694000e-14
4912. 5.736000e-14
4916. 5.660000e-14
4920. 5.608000e-14
4924. 5.631000e-14
4928. 5.668000e-14
4932. 5.750000e-14
4936. 5.639000e-14
4940. 5.663000e-14
4944. 5.777000e-14
4948. 5.932000e-14
4952. 5.987000e-14
4956. 5.960000e-14
4960. 5.861000e-14
4964. 5.750000e-14
4968. 5.728000e-14
4972. 5.757000e-14
4976. 5.766000e-14
4980. 5.589000e-14
4984. 5.520000e-14
4988. 5.571000e-14
4992. 5.610000e-14
4996. 5.644000e-14
5000. 5.554000e-14
5004. 5.511000e-14
5008. 5.615000e-14
5012. 5.508000e-14
5016. 5.414000e-14
5020. 5.292000e-14
5024. 5.225000e-14
5028. 5.323000e-14
5032. 5.450000e-14
5036. 5.446000e-14
5040. 5.344000e-14
5044. 5.304000e-14
5048. 5.361000e-14
5052. 5.514000e-14
5056. 5.612000e-14
5060. 5.710000e-14
5064. 5.638000e-14
5068. 5.555000e-14
5072. 5.527000e-14
5076. 5.520000e-14
5080. 5.457000e-14
5084. 5.374000e-14
5088. 5.459000e-14
5092. 5.561000e-14
5096. 5.464000e-14
5100. 5.416000e-14
5104. 5.347000e-14
5108. 5.384000e-14
5112. 5.435000e-14
5116. 5.486000e-14
5120. 5.574000e-14
5124. 5.447000e-14
5128. 5.268000e-14
5132. 5.235000e-14
5136. 5.369000e-14
5140. 5.415000e-14
5144. 5.402000e-14
5148. 5.289000e-14
5152. 5.353000e-14
5156. 5.314000e-14
5160. 5.289000e-14
5164. 5.162000e-14
5168. 4.823000e-14
5172. 4.542000e-14
5176. 4.455000e-14
5180. 4.490000e-14
5184. 4.544000e-14
5188. 4.693000e-14
5192. 5.031000e-14
5196. 5.296000e-14
5200. 5.505000e-14
5204. 5.531000e-14
5208. 5.439000e-14
5212. 5.372000e-14
5216. 5.564000e-14
5220. 5.663000e-14
5224. 5.758000e-14
5228. 5.711000e-14
5232. 5.690000e-14
5236. 5.780000e-14
5240. 5.982000e-14
5244. 6.062000e-14
5248. 6.036000e-14
5252. 6.050000e-14
5256. 5.937000e-14
5260. 5.858000e-14
5264. 5.685000e-14
5268. 5.483000e-14
5272. 5.389000e-14
5276. 5.590000e-14
5280. 5.825000e-14
5284. 6.079000e-14
5288. 6.300000e-14
5292. 6.384000e-14
5296. 6.255000e-14
5300. 6.185000e-14
5304. 6.267000e-14
5308. 6.439000e-14
5312. 6.577000e-14
5316. 6.584000e-14
5320. 6.642000e-14
5324. 6.474000e-14
5328. 6.086000e-14
5332. 5.909000e-14
5336. 5.962000e-14
5340. 6.057000e-14
5344. 6.088000e-14
5348. 6.226000e-14
5352. 6.379000e-14
5356. 6.639000e-14
5360. 6.770000e-14
5364. 6.677000e-14
5368. 6.497000e-14
5372. 6.331000e-14
5376. 6.264000e-14
5380. 6.453000e-14
5384. 6.531000e-14
5388. 6.440000e-14
5392. 6.299000e-14
5396. 6.123000e-14
5400. 6.117000e-14
5404. 6.048000e-14
5408. 5.921000e-14
5412. 6.148000e-14
5416. 6.357000e-14
5420. 6.455000e-14
5424. 6.445000e-14
5428. 6.377000e-14
5432. 6.228000e-14
5436. 6.296000e-14
5440. 6.388000e-14
5444. 6.472000e-14
5448. 6.368000e-14
5452. 6.228000e-14
5456. 6.241000e-14
5460. 6.202000e-14
5464. 6.197000e-14
5468. 6.282000e-14
5472. 6.333000e-14
5476. 6.279000e-14
5480. 4.278000e-14
5484. 1.547000e-14
5488. 3.607000e-14
5492. 6.270000e-14
5496. 4.297000e-14
5500. 1.592000e-14
5504. 3.629000e-14
5508. 6.148000e-14
5512. 6.065000e-14
5516. 6.069000e-14
5520. 6.209000e-14
5524. 6.205000e-14
5528. 6.132000e-14
5532. 6.100000e-14
5536. 6.232000e-14
5540. 6.398000e-14
5544. 6.543000e-14
5548. 6.460000e-14
5552. 6.584000e-14
5556. 6.566000e-14
5560. 6.578000e-14
5564. 6.687000e-14
5568. 6.633000e-14
5572. 6.605000e-14
5576. 6.519000e-14
5580. 6.449000e-14
5584. 6.413000e-14
5588. 6.373000e-14
5592. 6.302000e-14
5596. 6.344000e-14
5600. 6.304000e-14
5604. 6.350000e-14
5608. 6.421000e-14
5612. 6.405000e-14
5616. 6.347000e-14
5620. 6.371000e-14
5624. 6.340000e-14
5628. 6.345000e-14
5632. 6.341000e-14
5636. 6.428000e-14
5640. 6.371000e-14
5644. 6.357000e-14
5648. 6.434000e-14
5652. 6.443000e-14
5656. 6.386000e-14
5660. 6.495000e-14
5664. 6.452000e-14
5668. 6.495000e-14
5672. 6.535000e-14
5676. 6.467000e-14
5680. 6.547000e-14
5684. 6.569000e-14
5688. 6.411000e-14
5692. 6.558000e-14
5696. 6.570000e-14
5700. 6.418000e-14
5704. 6.278000e-14
5708. 6.146000e-14
5712. 6.141000e-14
5716. 6.320000e-14
5720. 6.509000e-14
5724. 6.564000e-14
5728. 6.328000e-14
5732. 6.147000e-14
5736. 6.339000e-14
5740. 6.371000e-14
5744. 6.491000e-14
5748. 6.578000e-14
5752. 6.486000e-14
5756. 6.495000e-14
5760. 6.422000e-14
5764. 6.472000e-14
5768. 6.436000e-14
5772. 6.521000e-14
5776. 6.513000e-14
5780. 6.447000e-14
5784. 6.333000e-14
5788. 6.264000e-14
5792. 6.381000e-14
5796. 6.475000e-14
5800. 6.589000e-14
5804. 6.805000e-14
5808. 6.833000e-14
5812. 6.866000e-14
5816. 6.917000e-14
5820. 6.819000e-14
5824. 6.702000e-14
5828. 6.531000e-14
5832. 6.536000e-14
5836. 6.561000e-14
5840. 6.539000e-14
5844. 6.683000e-14
5848. 6.584000e-14
5852. 6.461000e-14
5856. 6.493000e-14
5860. 6.525000e-14
5864. 6.509000e-14
5868. 6.310000e-14
5872. 6.173000e-14
5876. 6.165000e-14
5880. 6.169000e-14
5884. 6.012000e-14
5888. 5.485000e-14
5892. 5.130000e-14
5896. 5.013000e-14
5900. 5.187000e-14
5904. 5.673000e-14
5908. 5.956000e-14
5912. 6.284000e-14
5916. 6.359000e-14
5920. 6.339000e-14
5924. 6.240000e-14
5928. 6.277000e-14
5932. 6.360000e-14
5936. 6.314000e-14
5940. 6.409000e-14
5944. 6.358000e-14
5948. 6.323000e-14
5952. 6.378000e-14
5956. 6.461000e-14
5960. 6.564000e-14
5964. 6.653000e-14
5968. 6.650000e-14
5972. 6.640000e-14
5976. 6.489000e-14
5980. 6.461000e-14
5984. 6.342000e-14
5988. 6.365000e-14
5992. 6.433000e-14
5996. 6.422000e-14
6000. 6.496000e-14
6004. 6.578000e-14
6008. 6.397000e-14
6012. 6.434000e-14
6016. 6.254000e-14
6020. 6.319000e-14
6024. 6.320000e-14
6028. 6.475000e-14
6032. 6.564000e-14
6036. 6.747000e-14
6040. 6.890000e-14
6044. 6.941000e-14
6048. 6.935000e-14
6052. 6.864000e-14
6056. 6.855000e-14
6060. 6.900000e-14
6064. 6.919000e-14
6068. 6.907000e-14
6072. 6.932000e-14
6076. 6.928000e-14
6080. 6.786000e-14
6084. 6.741000e-14
6088. 6.680000e-14
6092. 6.517000e-14
6096. 6.526000e-14
6100. 6.534000e-14
6104. 6.644000e-14
6108. 6.763000e-14
6112. 6.894000e-14
6116. 6.810000e-14
6120. 6.805000e-14
6124. 6.604000e-14
6128. 6.592000e-14
6132. 6.469000e-14
6136. 6.453000e-14
6140. 6.504000e-14
6144. 6.464000e-14
6148. 6.561000e-14
6152. 6.681000e-14
6156. 6.495000e-14
6160. 6.267000e-14
6164. 6.200000e-14
6168. 6.242000e-14
6172. 6.259000e-14
6176. 6.367000e-14
6180. 6.483000e-14
6184. 6.359000e-14
6188. 6.209000e-14
6192. 6.195000e-14
6196. 6.381000e-14
6200. 6.486000e-14
6204. 6.707000e-14
6208. 6.633000e-14
6212. 6.374000e-14
6216. 6.394000e-14
6220. 6.481000e-14
6224. 6.300000e-14
6228. 6.138000e-14
6232. 6.032000e-14
6236. 6.084000e-14
6240. 6.149000e-14
6244. 6.323000e-14
6248. 6.217000e-14
6252. 5.935000e-14
6256. 5.791000e-14
6260. 5.757000e-14
6264. 5.925000e-14
6268. 6.118000e-14
6272. 6.143000e-14
6276. 6.173000e-14
6280. 6.266000e-14
6284. 6.437000e-14
6288. 6.488000e-14
6292. 6.386000e-14
6296. 6.403000e-14
6300. 6.385000e-14
6304. 6.350000e-14
6308. 6.370000e-14
6312. 6.377000e-14
6316. 6.404000e-14
6320. 6.420000e-14
6324. 6.559000e-14
6328. 6.550000e-14
6332. 6.560000e-14
6336. 6.586000e-14
6340. 6.504000e-14
6344. 6.511000e-14
6348. 6.581000e-14
6352. 6.550000e-14
6356. 6.470000e-14
6360. 6.396000e-14
6364. 6.420000e-14
6368. 6.513000e-14
6372. 6.588000e-14
6376. 6.655000e-14
6380. 6.683000e-14
6384. 6.778000e-14
6388. 6.884000e-14
6392. 6.833000e-14
6396. 6.706000e-14
6400. 6.658000e-14
6404. 6.587000e-14
6408. 6.594000e-14
6412. 6.578000e-14
6416. 6.496000e-14
6420. 6.542000e-14
6424. 6.573000e-14
6428. 6.622000e-14
6432. 6.652000e-14
6436. 6.650000e-14
6440. 6.580000e-14
6444. 6.514000e-14
6448. 6.528000e-14
6452. 6.592000e-14
6456. 6.691000e-14
6460. 6.812000e-14
6464. 6.837000e-14
6468. 6.902000e-14
6472. 6.876000e-14
6476. 6.969000e-14
6480. 7.066000e-14
6484. 6.988000e-14
6488. 6.709000e-14
6492. 6.431000e-14
6496. 6.336000e-14
6500. 6.409000e-14
6504. 6.473000e-14
6508. 6.550000e-14
6512. 6.650000e-14
6516. 6.695000e-14
6520. 6.714000e-14
6524. 6.749000e-14
6528. 6.728000e-14
6532. 6.730000e-14
6536. 6.738000e-14
6540. 6.756000e-14
6544. 6.729000e-14
6548. 6.722000e-14
6552. 6.665000e-14
6556. 6.573000e-14
6560. 6.547000e-14
6564. 6.531000e-14
6568. 6.542000e-14
6572. 6.567000e-14
6576. 6.617000e-14
6580. 6.736000e-14
6584. 6.833000e-14
6588. 6.834000e-14
6592. 6.849000e-14
6596. 6.769000e-14
6600. 6.606000e-14
6604. 6.510000e-14
6608. 6.482000e-14
6612. 6.597000e-14
6616. 6.750000e-14
6620. 6.749000e-14
6624. 6.702000e-14
6628. 6.605000e-14
6632. 6.489000e-14
6636. 6.467000e-14
6640. 6.514000e-14
6644. 6.615000e-14
6648. 6.716000e-14
6652. 6.761000e-14
6656. 6.767000e-14
6660. 6.596000e-14
6664. 6.485000e-14
6668. 6.485000e-14
6672. 6.488000e-14
6676. 6.539000e-14
6680. 6.622000e-14
6684. 6.651000e-14
6688. 6.650000e-14
6692. 6.517000e-14
6696. 6.419000e-14
6700. 6.278000e-14
6704. 6.263000e-14
6708. 6.317000e-14
6712. 6.487000e-14
6716. 6.611000e-14
6720. 6.713000e-14
6724. 6.712000e-14
6728. 6.596000e-14
6732. 6.552000e-14
6736. 6.500000e-14
6740. 6.519000e-14
6744. 6.608000e-14
6748. 6.508000e-14
6752. 6.410000e-14
6756. 6.409000e-14
6760. 6.440000e-14
6764. 6.403000e-14
6768. 6.309000e-14
6772. 6.327000e-14
6776. 6.447000e-14
6780. 6.492000e-14
6784. 6.508000e-14
6788. 6.419000e-14
6792. 6.406000e-14
6796. 6.424000e-14
6800. 6.385000e-14
6804. 6.402000e-14
6808. 6.401000e-14
6812. 6.475000e-14
6816. 6.582000e-14
6820. 6.628000e-14
6824. 6.594000e-14
6828. 6.551000e-14
6832. 6.561000e-14
6836. 6.636000e-14
6840. 6.514000e-14
6844. 6.190000e-14
6848. 5.813000e-14
6852. 5.553000e-14
6856. 5.574000e-14
6860. 5.843000e-14
6864. 6.162000e-14
6868. 6.306000e-14
6872. 6.143000e-14
6876. 6.030000e-14
6880. 6.164000e-14
6884. 6.305000e-14
6888. 6.367000e-14
6892. 6.401000e-14
6896. 6.387000e-14
6900. 6.459000e-14
6904. 6.569000e-14
6908. 6.632000e-14
6912. 6.689000e-14
6916. 6.696000e-14
6920. 6.814000e-14
6924. 6.866000e-14
6928. 6.791000e-14
6932. 6.634000e-14
6936. 6.541000e-14
6940. 6.563000e-14
6944. 6.647000e-14
6948. 6.753000e-14
6952. 6.912000e-14
6956. 6.995000e-14
6960. 6.958000e-14
6964. 6.711000e-14
6968. 6.490000e-14
6972. 6.489000e-14
6976. 6.487000e-14
6980. 6.503000e-14
6984. 6.678000e-14
6988. 6.872000e-14
6992. 7.008000e-14
6996. 7.146000e-14
7000. 7.200000e-14
7004. 7.122000e-14
7008. 6.894000e-14
7012. 6.928000e-14
7016. 7.110000e-14
7020. 7.035000e-14
7024. 6.874000e-14
7028. 6.845000e-14
7032. 6.919000e-14
7036. 7.099000e-14
7040. 7.057000e-14
7044. 7.063000e-14
7048. 7.049000e-14
7052. 6.946000e-14
7056. 6.761000e-14
7060. 6.564000e-14
7064. 6.503000e-14
7068. 6.577000e-14
7072. 6.617000e-14
7076. 6.670000e-14
7080. 6.741000e-14
7084. 6.784000e-14
7088. 6.631000e-14
7092. 6.500000e-14
7096. 6.417000e-14
7100. 6.403000e-14
7104. 6.445000e-14
7108. 6.450000e-14
7112. 6.450000e-14
7116. 6.459000e-14
7120. 6.345000e-14
7124. 6.352000e-14
7128. 6.514000e-14
7132. 6.597000e-14
7136. 6.325000e-14
7140. 5.989000e-14
7144. 5.790000e-14
7148. 5.995000e-14
7152. 6.210000e-14
7156. 6.162000e-14
7160. 5.966000e-14
7164. 5.708000e-14
7168. 5.458000e-14
7172. 5.550000e-14
7176. 5.774000e-14
7180. 5.935000e-14
7184. 6.123000e-14
7188. 6.235000e-14
7192. 6.356000e-14
7196. 6.485000e-14
7200. 6.396000e-14
7204. 6.450000e-14
7208. 6.438000e-14
7212. 6.497000e-14
7216. 6.311000e-14
7220. 6.032000e-14
7224. 6.107000e-14
7228. 6.274000e-14
7232. 6.357000e-14
7236. 6.373000e-14
7240. 6.283000e-14
7244. 6.313000e-14
7248. 6.226000e-14
7252. 6.155000e-14
7256. 6.162000e-14
7260. 6.317000e-14
7264. 6.608000e-14
7268. 6.911000e-14
7272. 7.071000e-14
7276. 7.137000e-14
7280. 7.148000e-14
7284. 6.957000e-14
7288. 6.614000e-14
7292. 6.035000e-14
7296. 6.131000e-14
7300. 6.245000e-14
7304. 6.383000e-14
7308. 6.278000e-14
7312. 6.498000e-14
7316. 6.717000e-14
7320. 6.644000e-14
7324. 6.420000e-14
7328. 6.420000e-14
7332. 6.494000e-14
7336. 6.459000e-14
7340. 6.456000e-14
7344. 6.435000e-14
7348. 6.469000e-14
7352. 6.425000e-14
7356. 6.208000e-14
7360. 6.329000e-14
7364. 6.641000e-14
7368. 6.572000e-14
7372. 6.537000e-14
7376. 6.627000e-14
7380. 6.677000e-14
7384. 6.559000e-14
7388. 6.541000e-14
7392. 6.580000e-14
7396. 6.761000e-14
7400. 6.751000e-14
7404. 6.856000e-14
7408. 6.741000e-14
7412. 6.578000e-14
7416. 6.562000e-14
7420. 6.607000e-14
7424. 6.872000e-14
7428. 6.895000e-14
7432. 6.736000e-14
7436. 6.719000e-14
7440. 6.862000e-14
7444. 6.931000e-14
7448. 6.901000e-14
7452. 6.955000e-14
7456. 7.109000e-14
7460. 6.929000e-14
7464. 6.817000e-14
7468. 6.919000e-14
7472. 6.913000e-14
7476. 6.808000e-14
7480. 6.787000e-14
7484. 6.885000e-14
7488. 7.032000e-14
7492. 7.001000e-14
7496. 6.859000e-14
7500. 6.885000e-14
7504. 6.919000e-14
7508. 7.035000e-14
7512. 7.192000e-14
7516. 7.309000e-14
7520. 7.279000e-14
7524. 7.162000e-14
7528. 7.307000e-14
7532. 7.378000e-14
7536. 7.330000e-14
7540. 6.702000e-14
7544. 6.777000e-14
7548. 6.622000e-14
7552. 6.589000e-14
7556. 6.565000e-14
7560. 6.542000e-14
7564. 6.517000e-14
7568. 6.494000e-14
7572. 6.684155e-14
7576. 6.871246e-14
7580. 6.845786e-14
7584. 6.820533e-14
7588. 6.795298e-14
7592. 6.769550e-14
7596. 6.744317e-14
7600. 6.719065e-14
7604. 6.693417e-14
7608. 6.667695e-14
7612. 6.643452e-14
7616. 6.613274e-14
7620. 6.606318e-14
7624. 6.647808e-14
7628. 6.613920e-14
7632. 6.559570e-14
7636. 6.618509e-14
7640. 6.620353e-14
7644. 6.559479e-14
7648. 6.520939e-14
7652. 6.459405e-14
7656. 6.396241e-14
7660. 6.312154e-14
7664. 6.215348e-14
7668. 6.208565e-14
7672. 6.293640e-14
7676. 6.373513e-14
7680. 6.414722e-14
7684. 6.444032e-14
7688. 6.439901e-14
7692. 6.389814e-14
7696. 6.344970e-14
7700. 6.327347e-14
7704. 6.313813e-14
7708. 6.283442e-14
7712. 6.261001e-14
7716. 6.256696e-14
7720. 6.288701e-14
7724. 6.374476e-14
7728. 6.443817e-14
7732. 6.462361e-14
7736. 6.461387e-14
7740. 6.477325e-14
7744. 6.459088e-14
7748. 6.346585e-14
7752. 6.332149e-14
7756. 6.434224e-14
7760. 6.464408e-14
7764. 6.514091e-14
7768. 6.577802e-14
7772. 6.581759e-14
7776. 6.535732e-14
7780. 6.462956e-14
7784. 6.466964e-14
7788. 6.462680e-14
7792. 6.476965e-14
7796. 6.528447e-14
7800. 6.506978e-14
7804. 6.546577e-14
7808. 6.589485e-14
7812. 6.532819e-14
7816. 6.571354e-14
7820. 6.663467e-14
7824. 6.639041e-14
7828. 6.545998e-14
7832. 6.469245e-14
7836. 6.437500e-14
7840. 6.444710e-14
7844. 6.479596e-14
7848. 6.503005e-14
7852. 6.498592e-14
7856. 6.510012e-14
7860. 6.548593e-14
7864. 6.563341e-14
7868. 6.541520e-14
7872. 6.486565e-14
7876. 6.445320e-14
7880. 6.458462e-14
7884. 6.469856e-14
7888. 6.489234e-14
7892. 6.452095e-14
7896. 6.340531e-14
7900. 6.321107e-14
7904. 6.357026e-14
7908. 6.348422e-14
7912. 6.293901e-14
7916. 6.220040e-14
7920. 6.193330e-14
7924. 6.213305e-14
7928. 6.200522e-14
7932. 6.147990e-14
7936. 6.104470e-14
7940. 6.071387e-14
7944. 6.100023e-14
7948. 6.143218e-14
7952. 6.195350e-14
7956. 6.301676e-14
7960. 6.370380e-14
7964. 6.391301e-14
7968. 6.406599e-14
7972. 6.467076e-14
7976. 6.450786e-14
7980. 6.358818e-14
7984. 6.401246e-14
7988. 6.442251e-14
7992. 6.385136e-14
7996. 6.349774e-14
8000. 6.371501e-14
8004. 6.457959e-14
8008. 6.545808e-14
8012. 6.611924e-14
8016. 6.639985e-14
8020. 6.605795e-14
8024. 6.596747e-14
8028. 6.616483e-14
8032. 6.682048e-14
8036. 6.750790e-14
8040. 6.704667e-14
8044. 6.619857e-14
8048. 6.607640e-14
8052. 6.663038e-14
8056. 6.729600e-14
8060. 6.772697e-14
8064. 6.728372e-14
8068. 6.598451e-14
8072. 6.525120e-14
8076. 6.591251e-14
8080. 6.697656e-14
8084. 6.675765e-14
8088. 6.563700e-14
8092. 6.445810e-14
8096. 6.365213e-14
8100. 6.387166e-14
8104. 6.373569e-14
8108. 6.290029e-14
8112. 6.331573e-14
8116. 6.442845e-14
8120. 6.474461e-14
8124. 6.451128e-14
8128. 6.435312e-14
8132. 6.478033e-14
8136. 6.544935e-14
8140. 6.570523e-14
8144. 6.587246e-14
8148. 6.632388e-14
8152. 6.665077e-14
8156. 6.697905e-14
8160. 6.731474e-14
8164. 6.782082e-14
8168. 6.907078e-14
8172. 7.017997e-14
8176. 6.980909e-14
8180. 6.794728e-14
8184. 6.646719e-14
8188. 6.664783e-14
8192. 6.644570e-14
8196. 6.417860e-14
8200. 6.281283e-14
8204. 6.400831e-14
8208. 6.547264e-14
8212. 6.661695e-14
8216. 6.692508e-14
8220. 6.642122e-14
8224. 6.691316e-14
8228. 6.797641e-14
8232. 6.811680e-14
8236. 6.736948e-14
8240. 6.676640e-14
8244. 6.648669e-14
8248. 6.617386e-14
8252. 6.583529e-14
8256. 6.601021e-14
8260. 6.696441e-14
8264. 6.747244e-14
8268. 6.722224e-14
8272. 6.652375e-14
8276. 6.583385e-14
8280. 6.582650e-14
8284. 6.555344e-14
8288. 6.525981e-14
8292. 6.544021e-14
8296. 6.500968e-14
8300. 6.428910e-14
8304. 6.393922e-14
8308. 6.375199e-14
8312. 6.404427e-14
8316. 6.446390e-14
8320. 6.450905e-14
8324. 6.396652e-14
8328. 6.313344e-14
8332. 6.294953e-14
8336. 6.287906e-14
8340. 6.271643e-14
8344. 6.263174e-14
8348. 6.297815e-14
8352. 6.398140e-14
8356. 6.441639e-14
8360. 6.433251e-14
8364. 6.430916e-14
8368. 6.417987e-14
8372. 6.386660e-14
8376. 6.346100e-14
8380. 6.299976e-14
8384. 6.232952e-14
8388. 6.258976e-14
8392. 6.358117e-14
8396. 6.372881e-14
8400. 6.377918e-14
8404. 6.430327e-14
8408. 6.469294e-14
8412. 6.455088e-14
8416. 6.406748e-14
8420. 6.373034e-14
8424. 6.363215e-14
8428. 6.322745e-14
8432. 6.243592e-14
8436. 6.147584e-14
8440. 6.059102e-14
8444. 6.119039e-14
8448. 6.222055e-14
8452. 6.213847e-14
8456. 6.179430e-14
8460. 6.150587e-14
8464. 6.112106e-14
8468. 6.072580e-14
8472. 6.105562e-14
8476. 6.170160e-14
8480. 6.179014e-14
8484. 6.185325e-14
8488. 6.135659e-14
8492. 5.960373e-14
8496. 5.799619e-14
8500. 5.779995e-14
8504. 5.871302e-14
8508. 5.985909e-14
8512. 6.059395e-14
8516. 6.062034e-14
8520. 6.046342e-14
8524. 6.051058e-14
8528. 5.982231e-14
8532. 5.785431e-14
8536. 5.480041e-14
8540. 5.189574e-14
8544. 5.162741e-14
8548. 5.457117e-14
8552. 5.854306e-14
8556. 6.145979e-14
8560. 6.271327e-14
8564. 6.303541e-14
8568. 6.325607e-14
8572. 6.334646e-14
8576. 6.311565e-14
8580. 6.311832e-14
8584. 6.367959e-14
8588. 6.438276e-14
8592. 6.456599e-14
8596. 6.406513e-14
8600. 6.371844e-14
8604. 6.395725e-14
8608. 6.444532e-14
8612. 6.466073e-14
8616. 6.452254e-14
8620. 6.494755e-14
8624. 6.597727e-14
8628. 6.627510e-14
8632. 6.622712e-14
8636. 6.631872e-14
8640. 6.619993e-14
8644. 6.610331e-14
8648. 6.509361e-14
8652. 6.292825e-14
8656. 6.026009e-14
8660. 5.731033e-14
8664. 5.626265e-14
8668. 5.843636e-14
8672. 6.109264e-14
8676. 6.240067e-14
8680. 6.314020e-14
8684. 6.386645e-14
8688. 6.420460e-14
8692. 6.445505e-14
8696. 6.555321e-14
8700. 6.615991e-14
8704. 6.568996e-14
8708. 6.560679e-14
8712. 6.605774e-14
8716. 6.673161e-14
8720. 6.733470e-14
8724. 6.742638e-14
8728. 6.711504e-14
8732. 6.665118e-14
8736. 6.605477e-14
8740. 6.541752e-14
8744. 6.549768e-14
8748. 6.647493e-14
8752. 6.705173e-14
8756. 6.712735e-14
8760. 6.752046e-14
8764. 6.719104e-14
8768. 6.674300e-14
8772. 6.700002e-14
8776. 6.704793e-14
8780. 6.757769e-14
8784. 6.854523e-14
8788. 6.852885e-14
8792. 6.801554e-14
8796. 6.734374e-14
8800. 6.595123e-14
8804. 6.519709e-14
8808. 6.537016e-14
8812. 6.638268e-14
8816. 6.796597e-14
8820. 6.835450e-14
8824. 6.800031e-14
8828. 6.838424e-14
8832. 6.888605e-14
8836. 6.856527e-14
8840. 6.823578e-14
8844. 6.856737e-14
8848. 6.907217e-14
8852. 6.866216e-14
8856. 6.732418e-14
8860. 6.623954e-14
8864. 6.523736e-14
8868. 6.442859e-14
8872. 6.379601e-14
8876. 6.359849e-14
8880. 6.413134e-14
8884. 6.419770e-14
8888. 6.406292e-14
8892. 6.405799e-14
8896. 6.450613e-14
8900. 6.535898e-14
8904. 6.594048e-14
8908. 6.654612e-14
8912. 6.676242e-14
8916. 6.698339e-14
8920. 6.716762e-14
8924. 6.630200e-14
8928. 6.610674e-14
8932. 6.657260e-14
8936. 6.611413e-14
8940. 6.619393e-14
8944. 6.671470e-14
8948. 6.696970e-14
8952. 6.688496e-14
8956. 6.582792e-14
8960. 6.547507e-14
8964. 6.606951e-14
8968. 6.607537e-14
8972. 6.563883e-14
8976. 6.610583e-14
8980. 6.674735e-14
8984. 6.752197e-14
8988. 6.895442e-14
8992. 6.812959e-14
8996. 6.674297e-14
9000. 6.725599e-14
9004. 6.769895e-14
9008. 6.780184e-14
9012. 6.735156e-14
9016. 6.512163e-14
9020. 6.303822e-14
9024. 6.412722e-14
9028. 6.628387e-14
9032. 6.782257e-14
9036. 6.937629e-14
9040. 6.991852e-14
9044. 7.033905e-14
9048. 7.051198e-14
9052. 6.978263e-14
9056. 6.967539e-14
9060. 6.977962e-14
9064. 6.992621e-14
9068. 6.992748e-14
9072. 6.864354e-14
9076. 6.861995e-14
9080. 6.938134e-14
9084. 6.793688e-14
9088. 6.634478e-14
9092. 6.687933e-14
9096. 6.898267e-14
9100. 6.899286e-14
9104. 6.666932e-14
9108. 6.627954e-14
9112. 6.743538e-14
9116. 6.811487e-14
9120. 6.802143e-14
9124. 6.765760e-14
9128. 6.784958e-14
9132. 6.834422e-14
9136. 6.842878e-14
9140. 6.722387e-14
9144. 6.560693e-14
9148. 6.484827e-14
9152. 6.516092e-14
9156. 6.563027e-14
9160. 6.539773e-14
9164. 6.529523e-14
9168. 6.528822e-14
9172. 6.521134e-14
9176. 6.570218e-14
9180. 6.667866e-14
9184. 6.663751e-14
9188. 6.606974e-14
9192. 6.682933e-14
9196. 6.714173e-14
9200. 6.655623e-14
9204. 6.590181e-14
9208. 6.399314e-14
9212. 6.202643e-14
9216. 6.243922e-14
9220. 6.421252e-14
9224. 6.483850e-14
9228. 6.455657e-14
9232. 6.438363e-14
9236. 6.370297e-14
9240. 6.275805e-14
9244. 6.252521e-14
9248. 6.205880e-14
9252. 6.161583e-14
9256. 6.221281e-14
9260. 6.253254e-14
9264. 6.338526e-14
9268. 6.563907e-14
9272. 6.721435e-14
9276. 6.687222e-14
9280. 6.552848e-14
9284. 6.451366e-14
9288. 6.326322e-14
9292. 6.326750e-14
9296. 6.465871e-14
9300. 6.656568e-14
9304. 6.769582e-14
9308. 6.389165e-14
9312. 6.227665e-14
9316. 6.491460e-14
9320. 6.307178e-14
9324. 6.205447e-14
9328. 6.631611e-14
9332. 6.736727e-14
9336. 6.456532e-14
9340. 6.383970e-14
9344. 6.267555e-14
9348. 5.999758e-14
9352. 5.914663e-14
9356. 6.082082e-14
9360. 6.284375e-14
9364. 6.274579e-14
9368. 6.223484e-14
9372. 6.211116e-14
9376. 6.210557e-14
9380. 6.273514e-14
9384. 6.452930e-14
9388. 6.620114e-14
9392. 6.307197e-14
9396. 5.995303e-14
9400. 6.299030e-14
9404. 6.365280e-14
9408. 5.830915e-14
9412. 5.694495e-14
9416. 6.110460e-14
9420. 6.256652e-14
9424. 5.997469e-14
9428. 5.931361e-14
9432. 6.052059e-14
9436. 6.007164e-14
9440. 6.057132e-14
9444. 6.023097e-14
9448. 5.768538e-14
9452. 5.885734e-14
9456. 6.275486e-14
9460. 6.388709e-14
9464. 6.218003e-14
9468. 5.990140e-14
9472. 6.076185e-14
9476. 6.505607e-14
9480. 6.643719e-14
9484. 6.431723e-14
9488. 6.272065e-14
9492. 6.295701e-14
9496. 6.463742e-14
9500. 6.600140e-14
9504. 6.658710e-14
9508. 6.520423e-14
9512. 6.399039e-14
9516. 6.523302e-14
9520. 6.528750e-14
9524. 6.544368e-14
9528. 6.577965e-14
9532. 6.275586e-14
9536. 6.200523e-14
9540. 6.437808e-14
9544. 6.343834e-14
9548. 6.234692e-14
9552. 6.327865e-14
9556. 6.236298e-14
9560. 6.193663e-14
9564. 6.304026e-14
9568. 6.317560e-14
9572. 6.450088e-14
9576. 6.547089e-14
9580. 6.380695e-14
9584. 6.330626e-14
9588. 6.384553e-14
9592. 6.460458e-14
9596. 6.511293e-14
9600. 6.359189e-14
9604. 6.315214e-14
9608. 6.334820e-14
9612. 6.214267e-14
9616. 6.188857e-14
9620. 6.348069e-14
9624. 6.474393e-14
9628. 6.420041e-14
9632. 6.291110e-14
9636. 6.223884e-14
9640. 6.195051e-14
9644. 6.181531e-14
9648. 6.284416e-14
9652. 6.369470e-14
9656. 6.348658e-14
9660. 6.352112e-14
9664. 6.423056e-14
9668. 6.456149e-14
9672. 6.412339e-14
9676. 6.479497e-14
9680. 6.586553e-14
9684. 6.595915e-14
9688. 6.497850e-14
9692. 6.284598e-14
9696. 6.156766e-14
9700. 6.136002e-14
9704. 6.147659e-14
9708. 6.188004e-14
9712. 6.230935e-14
9716. 6.286022e-14
9720. 6.368498e-14
9724. 6.494157e-14
9728. 6.534130e-14
9732. 6.471815e-14
9736. 6.452902e-14
9740. 6.480747e-14
9744. 6.507781e-14
9748. 6.446548e-14
9752. 6.308722e-14
9756. 6.326499e-14
9760. 6.347285e-14
9764. 6.266235e-14
9768. 6.378321e-14
9772. 6.523290e-14
9776. 6.457400e-14
9780. 6.329429e-14
9784. 6.225087e-14
9788. 6.145982e-14
9792. 6.164941e-14
9796. 6.200374e-14
9800. 6.283381e-14
9804. 6.430965e-14
9808. 6.443666e-14
9812. 6.356265e-14
9816. 6.299914e-14
9820. 6.330198e-14
9824. 6.462343e-14
9828. 6.536441e-14
9832. 6.388081e-14
9836. 6.234309e-14
9840. 6.321832e-14
9844. 6.498959e-14
9848. 6.576229e-14
9852. 6.518963e-14
9856. 6.352910e-14
9860. 6.254747e-14
9864. 6.299988e-14
9868. 6.338145e-14
9872. 6.395986e-14
9876. 6.451209e-14
9880. 6.418562e-14
9884. 6.471797e-14
9888. 6.605351e-14
9892. 6.656377e-14
9896. 6.657228e-14
9900. 6.660171e-14
9904. 6.579063e-14
9908. 6.358683e-14
9912. 6.184707e-14
9916. 6.302456e-14
9920. 6.555702e-14
9924. 6.590786e-14
9928. 6.419521e-14
9932. 6.289027e-14
9936. 6.226403e-14
9940. 6.105508e-14
9944. 6.080719e-14
9948. 6.180837e-14
9952. 6.707844e-14
9956. 5.167376e-14
9960. 1.165060e-14
9964. -3.250140e-15
9968. 7.410679e-16
9972. -5.856463e-17
9976. 3.684959e-18
9980. 0.
9984. 0.
9988. 0.
9992. 0.
9996. 0.
10000. 0.
