1100. 0.
1104. 0.
1108. 0.
1112. 0.
1116. 0.
1120. 0.
1124. 0.
1128. 0.
1132. 0.
1136. 0.
1140. 0.
1144. 0.
1148. 0.
1152. 0.
1156. 0.
1160. 0.
1164. 0.
1168. 0.
1172. 0.
1176. 0.
1180. 0.
1184. 0.
1188. 0.
1192. 0.
1196. 0.
1200. 0.
1204. 0.
1208. 0.
1212. 0.
1216. 0.
1220. 0.
1224. 0.
1228. 0.
1232. 1.398000e-14
1236. 1.317000e-14
1240. 1.698000e-14
1244. 2.017000e-14
1248. 1.761000e-14
1252. 1.566000e-14
1256. 1.517000e-14
1260. 1.560000e-14
1264. 1.776000e-14
1268. 1.728000e-14
1272. 1.970000e-14
1276. 1.993000e-14
1280. 1.817000e-14
1284. 1.956000e-14
1288. 1.934000e-14
1292. 1.827000e-14
1296. 1.419000e-14
1300. 1.371000e-14
1304. 1.472000e-14
1308. 1.712000e-14
1312. 1.828000e-14
1316. 1.782000e-14
1320. 1.639000e-14
1324. 1.498000e-14
1328. 1.715000e-14
1332. 1.310000e-14
1336. 1.403000e-14
1340. 1.795000e-14
1344. 1.581000e-14
1348. 1.978000e-14
1352. 1.664000e-14
1356. 1.590000e-14
1360. 1.625000e-14
1364. 1.591000e-14
1368. 1.699000e-14
1372. 1.803000e-14
1376. 1.433000e-14
1380. 1.479000e-14
1384. 1.122000e-14
1388. 9.061000e-15
1392. 8.046000e-15
1396. 9.667000e-15
1400. 1.234000e-14
1404. 1.553000e-14
1408. 1.602000e-14
1412. 1.491000e-14
1416. 1.486000e-14
1420. 1.457000e-14
1424. 1.449000e-14
1428. 1.325000e-14
1432. 1.546000e-14
1436. 1.599000e-14
1440. 1.626000e-14
1444. 1.483000e-14
1448. 1.216000e-14
1452. 1.464000e-14
1456. 1.383000e-14
1460. 1.480000e-14
1464. 1.487000e-14
1468. 1.535000e-14
1472. 1.453000e-14
1476. 1.623000e-14
1480. 1.675000e-14
1484. 1.735000e-14
1488. 1.907000e-14
1492. 1.599000e-14
1496. 1.486000e-14
1500. 1.389000e-14
1504. 1.664000e-14
1508. 1.732000e-14
1512. 1.727000e-14
1516. 1.598000e-14
1520. 1.240000e-14
1524. 1.414000e-14
1528. 1.105000e-14
1532. 1.190000e-14
1536. 6.703000e-15
1540. 6.549000e-15
1544. 6.861000e-15
1548. 3.998000e-15
1552. 1.182000e-14
1556. 1.499000e-14
1560. 1.264000e-14
1564. 1.302000e-14
1568. 1.265000e-14
1572. 1.178000e-14
1576. 1.471000e-14
1580. 1.390000e-14
1584. 3.781000e-15
1588. 1.301000e-14
1592. 1.178000e-14
1596. 1.095000e-14
1600. 1.204000e-14
1604. 7.475000e-15
1608. 9.275000e-15
1612. 8.594000e-15
1616. 8.878000e-15
1620. 1.120000e-14
1624. 1.200000e-14
1628. 1.267000e-14
1632. 1.317000e-14
1636. 1.065000e-14
1640. 1.372000e-14
1644. 1.442000e-14
1648. 1.433000e-14
1652. 1.303000e-14
1656. 1.274000e-14
1660. 1.178000e-14
1664. 1.165000e-14
1668. 1.156000e-14
1672. 9.696000e-15
1676. 1.246000e-14
1680. 1.181000e-14
1684. 1.366000e-14
1688. 1.217000e-14
1692. 1.178000e-14
1696. 1.041000e-14
1700. 1.074000e-14
1704. 1.169000e-14
1708. 1.133000e-14
1712. 1.196000e-14
1716. 1.123000e-14
1720. 9.817000e-15
1724. 1.101000e-14
1728. 1.532000e-14
1732. 1.286000e-14
1736. 1.454000e-14
1740. 1.646000e-14
1744. 1.621000e-14
1748. 1.426000e-14
1752. 1.220000e-14
1756. 1.455000e-14
1760. 1.492000e-14
1764. 1.286000e-14
1768. 1.344000e-14
1772. 1.370000e-14
1776. 1.442000e-14
1780. 1.343000e-14
1784. 1.190000e-14
1788. 1.291000e-14
1792. 1.258000e-14
1796. 1.171000e-14
1800. 1.187000e-14
1804. 1.216000e-14
1808. 1.159000e-14
1812. 1.269000e-14
1816. 1.263000e-14
1820. 1.136000e-14
1824. 1.074000e-14
1828. 1.164000e-14
1832. 1.283000e-14
1836. 1.298000e-14
1840. 1.301000e-14
1844. 1.158000e-14
1848. 1.090000e-14
1852. 1.107000e-14
1856. 1.150000e-14
1860. 1.161000e-14
1864. 1.337000e-14
1868. 1.280000e-14
1872. 1.235000e-14
1876. 1.224000e-14
1880. 1.127000e-14
1884. 1.099000e-14
1888. 1.121000e-14
1892. 1.116000e-14
1896. 1.160000e-14
1900. 1.235000e-14
1904. 1.226000e-14
1908. 1.190000e-14
1912. 1.074000e-14
1916. 9.512000e-15
1920. 9.543000e-15
1924. 9.572000e-15
1928. 9.941000e-15
1932. 9.715000e-15
1936. 1.000000e-14
1940. 9.370000e-15
1944. 9.329000e-15
1948. 1.003000e-14
1952. 1.123000e-14
1956. 9.772000e-15
1960. 9.224000e-15
1964. 8.743000e-15
1968. 1.007000e-14
1972. 1.026000e-14
1976. 7.713000e-15
1980. 8.156000e-15
1984. 1.228000e-14
1988. 9.737000e-15
1992. 8.253000e-15
1996. 9.046000e-15
2000. 1.343000e-14
2004. 1.666000e-14
2008. 9.294000e-15
2012. 1.256000e-14
2016. 1.169000e-14
2020. 9.722000e-15
2024. 1.231000e-14
2028. 7.909000e-15
2032. 1.293000e-14
2036. 4.335000e-15
2040. 8.197000e-15
2044. 1.266000e-14
2048. 9.364000e-15
2052. 4.715000e-15
2056. 1.497000e-14
2060. 7.525000e-15
2064. 1.000000e-14
2068. 1.175000e-14
2072. 6.878000e-15
2076. 1.216000e-14
2080. 1.181000e-14
2084. 1.209000e-14
2088. 8.810000e-15
2092. 1.133000e-14
2096. 3.770000e-15
2100. 1.087000e-14
2104. 4.572000e-15
2108. 7.367000e-15
2112. 7.407000e-15
2116. 1.289000e-14
2120. 6.759000e-15
2124. 9.084000e-15
2128. 6.919000e-15
2132. 8.161000e-15
2136. 1.763000e-14
2140. 1.368000e-14
2144. 6.132000e-15
2148. 8.589000e-15
2152. 9.154000e-15
2156. 5.877000e-15
2160. 1.098000e-14
2164. 9.753000e-15
2168. 3.966000e-15
2172. 9.142000e-15
2176. 8.565000e-15
2180. 9.206000e-15
2184. 7.982000e-15
2188. 1.326000e-14
2192. 1.012000e-14
2196. 4.473000e-15
2200. 7.033000e-15
2204. 1.199000e-14
2208. 1.018000e-14
2212. 8.599000e-15
2216. 5.537000e-15
2220. 5.597000e-15
2224. 9.954000e-15
2228. 9.404000e-15
2232. 5.721000e-15
2236. 1.492000e-14
2240. 6.247000e-15
2244. 1.152000e-14
2248. 9.736000e-15
2252. 1.025000e-14
2256. 8.287000e-15
2260. 8.755000e-15
2264. 1.414000e-14
2268. 7.157000e-15
2272. 1.017000e-14
2276. 1.046000e-14
2280. 1.217000e-14
2284. 1.167000e-14
2288. 1.015000e-14
2292. 8.973000e-15
2296. 7.993000e-15
2300. 1.126000e-14
2304. 9.473000e-15
2308. 7.238000e-15
2312. 1.116000e-14
2316. 9.361000e-15
2320. 9.012000e-15
2324. 1.182000e-14
2328. 7.710000e-15
2332. 1.097000e-14
2336. 1.139000e-14
2340. 8.448000e-15
2344. 6.355000e-15
2348. 8.213000e-15
2352. 8.087000e-15
2356. 1.095000e-14
2360. 8.947000e-15
2364. 8.738000e-15
2368. 6.826000e-15
2372. 8.165000e-15
2376. 7.061000e-15
2380. 7.629000e-15
2384. 5.603000e-15
2388. 7.414000e-15
2392. 9.116000e-15
2396. 7.683000e-15
2400. 9.160000e-15
2404. 7.302000e-15
2408. 9.140000e-15
2412. 8.990000e-15
2416. 9.946000e-15
2420. 8.369000e-15
2424. 7.549000e-15
2428. 9.964000e-15
2432. 8.340000e-15
2436. 7.456000e-15
2440. 9.138000e-15
2444. 8.330000e-15
2448. 9.575000e-15
2452. 8.812000e-15
2456. 1.000000e-14
2460. 7.641000e-15
2464. 9.733000e-15
2468. 8.810000e-15
2472. 9.329000e-15
2476. 8.007000e-15
2480. 7.665000e-15
2484. 9.350000e-15
2488. 9.793000e-15
2492. 7.440000e-15
2496. 8.359000e-15
2500. 7.995000e-15
2504. 8.221000e-15
2508. 8.348000e-15
2512. 8.212000e-15
2516. 7.884000e-15
2520. 8.338000e-15
2524. 7.785000e-15
2528. 9.028000e-15
2532. 7.427000e-15
2536. 9.460000e-15
2540. 8.075000e-15
2544. 8.122000e-15
2548. 8.411000e-15
2552. 8.585000e-15
2556. 7.249000e-15
2560. 6.970000e-15
2564. 8.064000e-15
2568. 7.315000e-15
2572. 7.445000e-15
2576. 6.854000e-15
2580. 6.979000e-15
2584. 7.181000e-15
2588. 4.903000e-15
2592. 6.559000e-15
2596. 6.895000e-15
2600. 7.625000e-15
2604. 6.549000e-15
2608. 8.807000e-15
2612. 8.652000e-15
2616. 7.642000e-15
2620. 7.579000e-15
2624. 8.068000e-15
2628. 6.904000e-15
2632. 7.169000e-15
2636. 8.792000e-15
2640. 9.634000e-15
2644. 9.193000e-15
2648. 8.819000e-15
2652. 8.011000e-15
2656. 7.974000e-15
2660. 8.220000e-15
2664. 7.774000e-15
2668. 7.471000e-15
2672. 7.795000e-15
2676. 7.259000e-15
2680. 7.793000e-15
2684. 7.304000e-15
2688. 8.183000e-15
2692. 7.919000e-15
2696. 7.710000e-15
2700. 7.936000e-15
2704. 7.625000e-15
2708. 7.786000e-15
2712. 7.559000e-15
2716. 7.362000e-15
2720. 8.113000e-15
2724. 7.986000e-15
2728. 6.876000e-15
2732. 6.635000e-15
2736. 8.241000e-15
2740. 8.414000e-15
2744. 7.661000e-15
2748. 7.972000e-15
2752. 7.317000e-15
2756. 7.231000e-15
2760. 8.182000e-15
2764. 7.303000e-15
2768. 7.186000e-15
2772. 7.518000e-15
2776. 7.217000e-15
2780. 7.204000e-15
2784. 6.208000e-15
2788. 5.756000e-15
2792. 5.976000e-15
2796. 4.933000e-15
2800. 5.530000e-15
2804. 5.622000e-15
2808. 5.972000e-15
2812. 6.827000e-15
2816. 8.084000e-15
2820. 8.151000e-15
2824. 7.778000e-15
2828. 7.971000e-15
2832. 7.444000e-15
2836. 7.394000e-15
2840. 6.825000e-15
2844. 7.163000e-15
2848. 6.925000e-15
2852. 7.100000e-15
2856. 7.299000e-15
2860. 7.256000e-15
2864. 6.292000e-15
2868. 7.196000e-15
2872. 7.842000e-15
2876. 7.265000e-15
2880. 6.782000e-15
2884. 7.514000e-15
2888. 7.458000e-15
2892. 7.198000e-15
2896. 6.792000e-15
2900. 7.566000e-15
2904. 6.978000e-15
2908. 6.909000e-15
2912. 6.999000e-15
2916. 7.022000e-15
2920. 7.035000e-15
2924. 7.099000e-15
2928. 6.614000e-15
2932. 7.432000e-15
2936. 7.029000e-15
2940. 7.421000e-15
2944. 7.934000e-15
2948. 7.454000e-15
2952. 7.567000e-15
2956. 7.322000e-15
2960. 6.967000e-15
2964. 7.160000e-15
2968. 7.040000e-15
2972. 7.115000e-15
2976. 6.880000e-15
2980. 6.940000e-15
2984. 7.400000e-15
2988. 6.944000e-15
2992. 6.359000e-15
2996. 6.306000e-15
3000. 6.358000e-15
3004. 7.490000e-15
3008. 6.178000e-15
3012. 6.296000e-15
3016. 6.472000e-15
3020. 6.538000e-15
3024. 6.793000e-15
3028. 5.601000e-15
3032. 5.310000e-15
3036. 5.705000e-15
3040. 5.881000e-15
3044. 5.629000e-15
3048. 6.397000e-15
3052. 6.553000e-15
3056. 6.647000e-15
3060. 6.972000e-15
3064. 5.988000e-15
3068. 6.299000e-15
3072. 6.589000e-15
3076. 6.288000e-15
3080. 6.622000e-15
3084. 6.925000e-15
3088. 6.302000e-15
3092. 6.168000e-15
3096. 6.176000e-15
3100. 6.037000e-15
3104. 6.816000e-15
3108. 5.608000e-15
3112. 7.311000e-15
3116. 8.836000e-15
3120. 7.996000e-15
3124. 6.999000e-15
3128. 8.383000e-15
3132. 7.303000e-15
3136. 7.188000e-15
3140. 7.329000e-15
3144. 7.219000e-15
3148. 6.723000e-15
3152. 7.589000e-15
3156. 7.517000e-15
3160. 7.034000e-15
3164. 5.108000e-15
3168. 7.305000e-15
3172. 1.103000e-14
3176. 1.153000e-14
3180. 8.610000e-15
3184. 5.884000e-15
3188. 8.175000e-15
3192. 4.301000e-15
3196. 7.907000e-15
3200. 1.047000e-14
3204. 5.610000e-15
3208. 7.616000e-15
3212. 7.370000e-15
3216. 6.996000e-15
3220. 6.556000e-15
3224. 4.037000e-15
3228. 5.698000e-15
3232. 8.250000e-15
3236. 6.987000e-15
3240. 5.355000e-15
3244. 1.254000e-14
3248. 1.020000e-14
3252. 6.574000e-15
3256. 8.404000e-15
3260. 8.184000e-15
3264. 6.266000e-15
3268. 6.222000e-15
3272. 5.777000e-15
3276. 6.257000e-15
3280. 6.538000e-15
3284. 6.019000e-15
3288. 5.535000e-15
3292. 6.459000e-15
3296. 6.930000e-15
3300. 5.742000e-15
3304. 7.542000e-15
3308. 3.753000e-15
3312. 4.426000e-15
3316. 5.531000e-15
3320. 6.648000e-15
3324. 5.711000e-15
3328. 5.786000e-15
3332. 5.720000e-15
3336. 4.783000e-15
3340. 4.686000e-15
3344. 3.577000e-15
3348. 4.119000e-15
3352. 6.059000e-15
3356. 4.840000e-15
3360. 6.279000e-15
3364. 6.543000e-15
3368. 6.657000e-15
3372. 6.503000e-15
3376. 6.314000e-15
3380. 5.566000e-15
3384. 5.337000e-15
3388. 5.654000e-15
3392. 5.768000e-15
3396. 5.232000e-15
3400. 6.134000e-15
3404. 5.790000e-15
3408. 3.778000e-15
3412. 4.602000e-15
3416. 4.831000e-15
3420. 4.985000e-15
3424. 5.394000e-15
3428. 5.984000e-15
3432. 5.861000e-15
3436. 5.491000e-15
3440. 5.685000e-15
3444. 4.756000e-15
3448. 4.765000e-15
3452. 4.734000e-15
3456. 5.729000e-15
3460. 6.015000e-15
3464. 5.496000e-15
3468. 5.144000e-15
3472. 4.240000e-15
3476. 4.510000e-15
3480. 5.135000e-15
3484. 5.240000e-15
3488. 5.487000e-15
3492. 5.817000e-15
3496. 5.320000e-15
3500. 5.487000e-15
3504. 5.232000e-15
3508. 5.531000e-15
3512. 5.694000e-15
3516. 5.262000e-15
3520. 5.130000e-15
3524. 5.311000e-15
3528. 5.768000e-15
3532. 5.997000e-15
3536. 5.174000e-15
3540. 5.355000e-15
3544. 6.178000e-15
3548. 5.641000e-15
3552. 6.349000e-15
3556. 5.782000e-15
3560. 5.179000e-15
3564. 4.981000e-15
3568. 5.060000e-15
3572. 5.196000e-15
3576. 5.293000e-15
3580. 4.946000e-15
3584. 5.214000e-15
3588. 5.408000e-15
3592. 5.588000e-15
3596. 5.438000e-15
3600. 5.359000e-15
3604. 5.258000e-15
3608. 4.932000e-15
3612. 5.245000e-15
3616. 5.232000e-15
3620. 4.968000e-15
3624. 5.086000e-15
3628. 5.223000e-15
3632. 5.751000e-15
3636. 6.125000e-15
3640. 5.416000e-15
3644. 4.809000e-15
3648. 4.959000e-15
3652. 4.818000e-15
3656. 5.064000e-15
3660. 5.324000e-15
3664. 5.412000e-15
3668. 5.188000e-15
3672. 5.262000e-15
3676. 5.438000e-15
3680. 4.862000e-15
3684. 4.928000e-15
3688. 5.183000e-15
3692. 5.614000e-15
3696. 5.698000e-15
3700. 5.482000e-15
3704. 5.874000e-15
3708. 5.262000e-15
3712. 5.007000e-15
3716. 6.596000e-15
3720. 9.750000e-15
3724. 1.369000e-14
3728. 1.228000e-14
3732. 8.923000e-15
3736. 6.864000e-15
3740. 5.636000e-15
3744. 4.910000e-15
3748. 4.831000e-15
3752. 5.452000e-15
3756. 5.553000e-15
3760. 5.799000e-15
3764. 5.667000e-15
3768. 5.733000e-15
3772. 6.125000e-15
3776. 6.010000e-15
3780. 6.160000e-15
3784. 6.235000e-15
3788. 5.874000e-15
3792. 5.650000e-15
3796. 5.192000e-15
3800. 5.289000e-15
3804. 5.760000e-15
3808. 6.178000e-15
3812. 6.332000e-15
3816. 6.156000e-15
3820. 5.922000e-15
3824. 6.072000e-15
3828. 5.680000e-15
3832. 5.513000e-15
3836. 5.126000e-15
3840. 5.152000e-15
3844. 5.597000e-15
3848. 5.931000e-15
3852. 6.226000e-15
3856. 6.912000e-15
3860. 6.886000e-15
3864. 6.433000e-15
3868. 6.640000e-15
3872. 6.345000e-15
3876. 6.230000e-15
3880. 6.301000e-15
3884. 6.024000e-15
3888. 5.570000e-15
3892. 5.698000e-15
3896. 6.178000e-15
3900. 6.714000e-15
3904. 6.750000e-15
3908. 6.798000e-15
3912. 6.811000e-15
3916. 6.798000e-15
3920. 6.481000e-15
3924. 6.204000e-15
3928. 5.610000e-15
3932. 5.513000e-15
3936. 5.927000e-15
3940. 6.191000e-15
3944. 6.508000e-15
3948. 6.860000e-15
3952. 6.560000e-15
3956. 6.415000e-15
3960. 6.182000e-15
3964. 5.786000e-15
3968. 5.724000e-15
3972. 5.579000e-15
3976. 6.028000e-15
3980. 6.274000e-15
3984. 6.877000e-15
3988. 7.216000e-15
3992. 6.965000e-15
3996. 6.943000e-15
4000. 6.970000e-15
4004. 7.154000e-15
4008. 7.278000e-15
4012. 7.308000e-15
4016. 7.379000e-15
4020. 7.410000e-15
4024. 7.150000e-15
4028. 7.058000e-15
4032. 6.886000e-15
4036. 6.895000e-15
4040. 7.040000e-15
4044. 7.242000e-15
4048. 6.956000e-15
4052. 7.203000e-15
4056. 7.533000e-15
4060. 7.049000e-15
4064. 6.921000e-15
4068. 7.040000e-15
4072. 7.075000e-15
4076. 6.996000e-15
4080. 6.917000e-15
4084. 6.899000e-15
4088. 6.468000e-15
4092. 6.811000e-15
4096. 7.282000e-15
4100. 6.974000e-15
4104. 7.141000e-15
4108. 6.754000e-15
4112. 6.596000e-15
4116. 6.688000e-15
4120. 6.789000e-15
4124. 6.644000e-15
4128. 6.626000e-15
4132. 6.785000e-15
4136. 6.591000e-15
4140. 6.723000e-15
4144. 6.780000e-15
4148. 6.895000e-15
4152. 7.163000e-15
4156. 6.974000e-15
4160. 7.075000e-15
4164. 6.890000e-15
4168. 7.027000e-15
4172. 6.934000e-15
4176. 6.961000e-15
4180. 6.802000e-15
4184. 6.908000e-15
4188. 6.842000e-15
4192. 7.005000e-15
4196. 6.912000e-15
4200. 7.075000e-15
4204. 6.895000e-15
4208. 6.772000e-15
4212. 6.433000e-15
4216. 6.644000e-15
4220. 6.560000e-15
4224. 6.508000e-15
4228. 6.780000e-15
4232. 6.917000e-15
4236. 6.987000e-15
4240. 6.939000e-15
4244. 7.040000e-15
4248. 6.921000e-15
4252. 6.864000e-15
4256. 6.842000e-15
4260. 6.824000e-15
4264. 6.864000e-15
4268. 6.741000e-15
4272. 7.075000e-15
4276. 6.921000e-15
4280. 6.807000e-15
4284. 6.640000e-15
4288. 6.604000e-15
4292. 6.732000e-15
4296. 6.736000e-15
4300. 6.604000e-15
4304. 6.745000e-15
4308. 6.675000e-15
4312. 6.926000e-15
4316. 6.992000e-15
4320. 6.992000e-15
4324. 6.829000e-15
4328. 6.829000e-15
4332. 7.427000e-15
4336. 8.677000e-15
4340. 8.026000e-15
4344. 7.066000e-15
4348. 6.530000e-15
4352. 6.349000e-15
4356. 6.732000e-15
4360. 6.596000e-15
4364. 6.420000e-15
4368. 6.345000e-15
4372. 6.358000e-15
4376. 6.578000e-15
4380. 6.345000e-15
4384. 6.090000e-15
4388. 6.178000e-15
4392. 6.301000e-15
4396. 6.525000e-15
4400. 6.591000e-15
4404. 6.591000e-15
4408. 6.481000e-15
4412. 6.670000e-15
4416. 6.789000e-15
4420. 6.670000e-15
4424. 6.503000e-15
4428. 6.565000e-15
4432. 6.587000e-15
4436. 6.402000e-15
4440. 6.090000e-15
4444. 6.327000e-15
4448. 6.442000e-15
4452. 6.596000e-15
4456. 6.464000e-15
4460. 6.367000e-15
4464. 6.604000e-15
4468. 6.851000e-15
4472. 7.058000e-15
4476. 6.846000e-15
4480. 6.543000e-15
4484. 6.596000e-15
4488. 6.789000e-15
4492. 6.538000e-15
4496. 6.750000e-15
4500. 7.084000e-15
4504. 7.194000e-15
4508. 7.128000e-15
4512. 6.965000e-15
4516. 6.780000e-15
4520. 6.851000e-15
4524. 6.402000e-15
4528. 6.314000e-15
4532. 6.450000e-15
4536. 6.450000e-15
4540. 6.384000e-15
4544. 6.648000e-15
4548. 6.789000e-15
4552. 6.904000e-15
4556. 6.706000e-15
4560. 6.750000e-15
4564. 6.675000e-15
4568. 6.904000e-15
4572. 6.877000e-15
4576. 6.644000e-15
4580. 6.701000e-15
4584. 6.952000e-15
4588. 6.864000e-15
4592. 6.820000e-15
4596. 6.644000e-15
4600. 6.600000e-15
4604. 6.464000e-15
4608. 7.102000e-15
4612. 7.264000e-15
4616. 7.339000e-15
4620. 7.141000e-15
4624. 7.141000e-15
4628. 7.053000e-15
4632. 6.930000e-15
4636. 6.794000e-15
4640. 6.776000e-15
4644. 7.084000e-15
4648. 7.000000e-15
4652. 6.723000e-15
4656. 6.873000e-15
4660. 6.745000e-15
4664. 6.736000e-15
4668. 6.710000e-15
4672. 6.930000e-15
4676. 6.789000e-15
4680. 6.728000e-15
4684. 6.565000e-15
4688. 6.556000e-15
4692. 6.855000e-15
4696. 6.499000e-15
4700. 6.794000e-15
4704. 6.459000e-15
4708. 6.609000e-15
4712. 6.666000e-15
4716. 6.965000e-15
4720. 6.939000e-15
4724. 6.767000e-15
4728. 6.816000e-15
4732. 6.543000e-15
4736. 6.736000e-15
4740. 6.974000e-15
4744. 6.472000e-15
4748. 6.494000e-15
4752. 6.530000e-15
4756. 6.503000e-15
4760. 6.455000e-15
4764. 6.266000e-15
4768. 6.384000e-15
4772. 6.266000e-15
4776. 6.406000e-15
4780. 6.600000e-15
4784. 6.780000e-15
4788. 6.604000e-15
4792. 6.763000e-15
4796. 6.692000e-15
4800. 6.723000e-15
4804. 6.415000e-15
4808. 6.609000e-15
4812. 6.666000e-15
4816. 6.811000e-15
4820. 6.530000e-15
4824. 6.235000e-15
4828. 6.428000e-15
4832. 6.437000e-15
4836. 6.327000e-15
4840. 6.041000e-15
4844. 6.217000e-15
4848. 6.283000e-15
4852. 7.924000e-15
4856. 1.177000e-14
4860. 1.255000e-14
4864. 9.574000e-15
4868. 6.921000e-15
4872. 5.966000e-15
4876. 5.887000e-15
4880. 5.988000e-15
4884. 6.138000e-15
4888. 6.235000e-15
4892. 6.367000e-15
4896. 6.222000e-15
4900. 6.437000e-15
4904. 6.455000e-15
4908. 6.367000e-15
4912. 6.499000e-15
4916. 6.323000e-15
4920. 6.296000e-15
4924. 6.318000e-15
4928. 6.310000e-15
4932. 6.107000e-15
4936. 5.817000e-15
4940. 5.777000e-15
4944. 6.090000e-15
4948. 6.349000e-15
4952. 6.402000e-15
4956. 6.710000e-15
4960. 6.820000e-15
4964. 6.626000e-15
4968. 6.622000e-15
4972. 6.455000e-15
4976. 6.296000e-15
4980. 5.931000e-15
4984. 5.975000e-15
4988. 6.068000e-15
4992. 6.147000e-15
4996. 6.679000e-15
5000. 7.594000e-15
5004. 8.712000e-15
5008. 8.180000e-15
5012. 6.855000e-15
5016. 6.332000e-15
5020. 6.072000e-15
5024. 6.098000e-15
5028. 6.068000e-15
5032. 6.384000e-15
5036. 6.072000e-15
5040. 5.966000e-15
5044. 5.927000e-15
5048. 6.085000e-15
5052. 6.059000e-15
5056. 5.953000e-15
5060. 6.230000e-15
5064. 6.032000e-15
5068. 6.173000e-15
5072. 6.266000e-15
5076. 5.918000e-15
5080. 5.799000e-15
5084. 6.028000e-15
5088. 6.420000e-15
5092. 6.406000e-15
5096. 6.380000e-15
5100. 6.081000e-15
5104. 6.002000e-15
5108. 6.081000e-15
5112. 6.323000e-15
5116. 5.988000e-15
5120. 6.081000e-15
5124. 6.169000e-15
5128. 5.984000e-15
5132. 6.002000e-15
5136. 5.997000e-15
5140. 5.962000e-15
5144. 5.861000e-15
5148. 6.081000e-15
5152. 6.028000e-15
5156. 6.279000e-15
5160. 6.230000e-15
5164. 5.927000e-15
5168. 5.522000e-15
5172. 6.063000e-15
5176. 6.134000e-15
5180. 6.024000e-15
5184. 5.852000e-15
5188. 5.584000e-15
5192. 5.966000e-15
5196. 6.085000e-15
5200. 6.147000e-15
5204. 5.782000e-15
5208. 5.377000e-15
5212. 5.518000e-15
5216. 5.685000e-15
5220. 5.962000e-15
5224. 5.887000e-15
5228. 5.997000e-15
5232. 6.041000e-15
5236. 6.376000e-15
5240. 6.226000e-15
5244. 6.208000e-15
5248. 5.887000e-15
5252. 5.830000e-15
5256. 6.283000e-15
5260. 6.050000e-15
5264. 6.046000e-15
5268. 5.636000e-15
5272. 5.755000e-15
5276. 5.817000e-15
5280. 5.636000e-15
5284. 5.685000e-15
5288. 5.852000e-15
5292. 6.037000e-15
5296. 5.953000e-15
5300. 5.971000e-15
5304. 5.975000e-15
5308. 6.072000e-15
5312. 5.870000e-15
5316. 5.746000e-15
5320. 5.654000e-15
5324. 5.474000e-15
5328. 5.782000e-15
5332. 6.028000e-15
5336. 6.147000e-15
5340. 5.922000e-15
5344. 5.927000e-15
5348. 6.120000e-15
5352. 5.966000e-15
5356. 5.922000e-15
5360. 5.900000e-15
5364. 6.024000e-15
5368. 6.120000e-15
5372. 5.764000e-15
5376. 5.592000e-15
5380. 5.377000e-15
5384. 5.658000e-15
5388. 5.971000e-15
5392. 3.853000e-15
5396. 3.741000e-15
5400. 5.720000e-15
5404. 5.795000e-15
5408. 3.756000e-15
5412. 3.832000e-15
5416. 5.641000e-15
5420. 5.416000e-15
5424. 5.315000e-15
5428. 5.179000e-15
5432. 5.839000e-15
5436. 6.270000e-15
5440. 5.614000e-15
5444. 5.680000e-15
5448. 5.949000e-15
5452. 6.186000e-15
5456. 5.566000e-15
5460. 5.364000e-15
5464. 5.535000e-15
5468. 5.861000e-15
5472. 6.050000e-15
5476. 4.193000e-15
5480. 4.033000e-15
5484. 5.474000e-15
5488. 5.667000e-15
5492. 4.219000e-15
5496. 4.488000e-15
5500. 6.019000e-15
5504. 5.597000e-15
5508. 5.667000e-15
5512. 5.799000e-15
5516. 5.782000e-15
5520. 6.068000e-15
5524. 6.041000e-15
5528. 6.142000e-15
5532. 6.010000e-15
5536. 6.024000e-15
5540. 5.707000e-15
5544. 5.438000e-15
5548. 5.570000e-15
5552. 5.874000e-15
5556. 5.993000e-15
5560. 5.619000e-15
5564. 5.509000e-15
5568. 5.478000e-15
5572. 6.160000e-15
5576. 6.076000e-15
5580. 5.104000e-15
5584. 5.447000e-15
5588. 5.342000e-15
5592. 5.452000e-15
5596. 5.513000e-15
5600. 5.258000e-15
5604. 5.526000e-15
5608. 5.689000e-15
5612. 5.408000e-15
5616. 5.430000e-15
5620. 5.742000e-15
5624. 5.782000e-15
5628. 6.015000e-15
5632. 5.584000e-15
5636. 5.522000e-15
5640. 5.733000e-15
5644. 5.623000e-15
5648. 6.076000e-15
5652. 6.032000e-15
5656. 5.456000e-15
5660. 5.504000e-15
5664. 5.262000e-15
5668. 5.377000e-15
5672. 5.359000e-15
5676. 5.619000e-15
5680. 5.711000e-15
5684. 5.667000e-15
5688. 5.764000e-15
5692. 6.200000e-15
5696. 6.261000e-15
5700. 5.971000e-15
5704. 5.320000e-15
5708. 5.777000e-15
5712. 5.966000e-15
5716. 5.685000e-15
5720. 5.909000e-15
5724. 5.606000e-15
5728. 5.786000e-15
5732. 6.556000e-15
5736. 6.310000e-15
5740. 6.332000e-15
5744. 5.768000e-15
5748. 5.390000e-15
5752. 5.553000e-15
5756. 5.980000e-15
5760. 5.786000e-15
5764. 5.689000e-15
5768. 5.509000e-15
5772. 5.861000e-15
5776. 5.553000e-15
5780. 5.337000e-15
5784. 5.192000e-15
5788. 5.460000e-15
5792. 5.456000e-15
5796. 5.518000e-15
5800. 5.896000e-15
5804. 5.694000e-15
5808. 6.129000e-15
5812. 5.782000e-15
5816. 5.786000e-15
5820. 5.834000e-15
5824. 5.377000e-15
5828. 5.619000e-15
5832. 5.500000e-15
5836. 5.782000e-15
5840. 5.878000e-15
5844. 5.707000e-15
5848. 6.054000e-15
5852. 6.332000e-15
5856. 6.164000e-15
5860. 5.760000e-15
5864. 5.856000e-15
5868. 5.830000e-15
5872. 6.266000e-15
5876. 6.675000e-15
5880. 5.922000e-15
5884. 5.474000e-15
5888. 4.778000e-15
5892. 4.840000e-15
5896. 4.840000e-15
5900. 5.254000e-15
5904. 6.072000e-15
5908. 5.355000e-15
5912. 4.897000e-15
5916. 5.086000e-15
5920. 5.680000e-15
5924. 5.623000e-15
5928. 5.588000e-15
5932. 5.465000e-15
5936. 5.377000e-15
5940. 6.239000e-15
5944. 6.138000e-15
5948. 6.107000e-15
5952. 6.028000e-15
5956. 5.658000e-15
5960. 5.839000e-15
5964. 5.544000e-15
5968. 5.249000e-15
5972. 5.883000e-15
5976. 5.482000e-15
5980. 5.170000e-15
5984. 5.641000e-15
5988. 5.188000e-15
5992. 5.113000e-15
5996. 5.430000e-15
6000. 5.025000e-15
6004. 5.412000e-15
6008. 4.937000e-15
6012. 5.047000e-15
6016. 4.937000e-15
6020. 5.276000e-15
6024. 5.038000e-15
6028. 5.236000e-15
6032. 5.645000e-15
6036. 5.289000e-15
6040. 5.601000e-15
6044. 5.293000e-15
6048. 5.874000e-15
6052. 6.340000e-15
6056. 6.019000e-15
6060. 5.597000e-15
6064. 5.416000e-15
6068. 5.922000e-15
6072. 5.628000e-15
6076. 5.826000e-15
6080. 5.663000e-15
6084. 6.120000e-15
6088. 5.368000e-15
6092. 5.425000e-15
6096. 4.880000e-15
6100. 5.416000e-15
6104. 5.012000e-15
6108. 5.909000e-15
6112. 5.232000e-15
6116. 5.826000e-15
6120. 5.311000e-15
6124. 5.557000e-15
6128. 5.469000e-15
6132. 4.787000e-15
6136. 5.174000e-15
6140. 5.254000e-15
6144. 5.183000e-15
6148. 5.399000e-15
6152. 5.192000e-15
6156. 4.994000e-15
6160. 5.148000e-15
6164. 4.902000e-15
6168. 5.346000e-15
6172. 4.963000e-15
6176. 5.020000e-15
6180. 5.447000e-15
6184. 5.214000e-15
6188. 4.858000e-15
6192. 5.412000e-15
6196. 5.364000e-15
6200. 5.293000e-15
6204. 5.108000e-15
6208. 5.997000e-15
6212. 5.474000e-15
6216. 5.179000e-15
6220. 5.408000e-15
6224. 5.170000e-15
6228. 4.470000e-15
6232. 4.514000e-15
6236. 4.153000e-15
6240. 5.095000e-15
6244. 5.306000e-15
6248. 4.875000e-15
6252. 4.191000e-15
6256. 5.399000e-15
6260. 5.324000e-15
6264. 5.491000e-15
6268. 5.557000e-15
6272. 5.434000e-15
6276. 5.716000e-15
6280. 5.478000e-15
6284. 5.086000e-15
6288. 5.447000e-15
6292. 5.500000e-15
6296. 6.107000e-15
6300. 5.333000e-15
6304. 4.862000e-15
6308. 4.800000e-15
6312. 5.267000e-15
6316. 4.893000e-15
6320. 5.566000e-15
6324. 4.730000e-15
6328. 4.928000e-15
6332. 5.108000e-15
6336. 4.484000e-15
6340. 4.805000e-15
6344. 4.704000e-15
6348. 5.535000e-15
6352. 5.025000e-15
6356. 5.504000e-15
6360. 5.271000e-15
6364. 5.848000e-15
6368. 5.672000e-15
6372. 4.968000e-15
6376. 5.056000e-15
6380. 5.333000e-15
6384. 5.905000e-15
6388. 5.359000e-15
6392. 4.633000e-15
6396. 4.536000e-15
6400. 4.646000e-15
6404. 5.359000e-15
6408. 5.350000e-15
6412. 4.858000e-15
6416. 5.276000e-15
6420. 5.482000e-15
6424. 4.253000e-15
6428. 5.350000e-15
6432. 4.778000e-15
6436. 4.294000e-15
6440. 5.518000e-15
6444. 4.682000e-15
6448. 5.130000e-15
6452. 4.822000e-15
6456. 4.800000e-15
6460. 4.950000e-15
6464. 4.875000e-15
6468. 4.809000e-15
6472. 4.871000e-15
6476. 5.254000e-15
6480. 5.276000e-15
6484. 5.183000e-15
6488. 5.069000e-15
6492. 5.082000e-15
6496. 4.875000e-15
6500. 4.805000e-15
6504. 4.950000e-15
6508. 4.875000e-15
6512. 4.862000e-15
6516. 4.827000e-15
6520. 4.726000e-15
6524. 4.884000e-15
6528. 4.954000e-15
6532. 5.408000e-15
6536. 6.424000e-15
6540. 8.373000e-15
6544. 9.566000e-15
6548. 1.022000e-14
6552. 1.859000e-14
6556. 3.286000e-14
6560. 3.123000e-14
6564. 1.550000e-14
6568. 8.034000e-15
6572. 9.218000e-15
6576. 1.482000e-14
6580. 1.735000e-14
6584. 1.091000e-14
6588. 6.406000e-15
6592. 5.447000e-15
6596. 5.425000e-15
6600. 5.161000e-15
6604. 4.844000e-15
6608. 4.624000e-15
6612. 4.624000e-15
6616. 4.576000e-15
6620. 4.809000e-15
6624. 4.840000e-15
6628. 4.910000e-15
6632. 4.990000e-15
6636. 4.871000e-15
6640. 4.756000e-15
6644. 4.743000e-15
6648. 4.778000e-15
6652. 4.726000e-15
6656. 4.717000e-15
6660. 4.972000e-15
6664. 4.954000e-15
6668. 5.240000e-15
6672. 5.443000e-15
6676. 5.390000e-15
6680. 5.100000e-15
6684. 4.906000e-15
6688. 5.025000e-15
6692. 4.761000e-15
6696. 4.853000e-15
6700. 4.946000e-15
6704. 5.135000e-15
6708. 6.468000e-15
6712. 8.219000e-15
6716. 7.911000e-15
6720. 6.631000e-15
6724. 7.278000e-15
6728. 8.087000e-15
6732. 6.371000e-15
6736. 4.968000e-15
6740. 4.704000e-15
6744. 4.651000e-15
6748. 4.572000e-15
6752. 4.041000e-15
6756. 3.836000e-15
6760. 4.327000e-15
6764. 4.536000e-15
6768. 4.431000e-15
6772. 4.545000e-15
6776. 4.800000e-15
6780. 5.166000e-15
6784. 5.069000e-15
6788. 4.726000e-15
6792. 4.836000e-15
6796. 4.840000e-15
6800. 4.620000e-15
6804. 4.743000e-15
6808. 5.020000e-15
6812. 5.509000e-15
6816. 5.548000e-15
6820. 4.884000e-15
6824. 4.497000e-15
6828. 4.792000e-15
6832. 4.919000e-15
6836. 4.721000e-15
6840. 5.038000e-15
6844. 5.020000e-15
6848. 5.254000e-15
6852. 5.201000e-15
6856. 4.858000e-15
6860. 5.293000e-15
6864. 5.430000e-15
6868. 5.108000e-15
6872. 4.699000e-15
6876. 4.453000e-15
6880. 4.589000e-15
6884. 5.060000e-15
6888. 4.611000e-15
6892. 4.004000e-15
6896. 4.188000e-15
6900. 4.580000e-15
6904. 4.598000e-15
6908. 4.774000e-15
6912. 5.003000e-15
6916. 4.497000e-15
6920. 4.686000e-15
6924. 5.245000e-15
6928. 5.689000e-15
6932. 6.015000e-15
6936. 5.205000e-15
6940. 4.981000e-15
6944. 5.095000e-15
6948. 4.893000e-15
6952. 4.902000e-15
6956. 4.902000e-15
6960. 4.314000e-15
6964. 3.959000e-15
6968. 4.389000e-15
6972. 4.712000e-15
6976. 4.317000e-15
6980. 3.545000e-15
6984. 4.142000e-15
6988. 4.523000e-15
6992. 4.906000e-15
6996. 5.381000e-15
7000. 4.195000e-15
7004. 3.032000e-15
7008. 2.911000e-15
7012. 4.514000e-15
7016. 4.602000e-15
7020. 4.492000e-15
7024. 4.488000e-15
7028. 4.475000e-15
7032. 4.484000e-15
7036. 4.396000e-15
7040. 4.431000e-15
7044. 4.470000e-15
7048. 4.541000e-15
7052. 4.519000e-15
7056. 4.377000e-15
7060. 4.400000e-15
7064. 4.506000e-15
7068. 4.497000e-15
7072. 4.457000e-15
7076. 4.391000e-15
7080. 4.329000e-15
7084. 4.234000e-15
7088. 4.207000e-15
7092. 4.215000e-15
7096. 4.216000e-15
7100. 4.328000e-15
7104. 4.220000e-15
7108. 4.172000e-15
7112. 4.239000e-15
7116. 4.275000e-15
7120. 4.210000e-15
7124. 4.182000e-15
7128. 4.256000e-15
7132. 4.475000e-15
7136. 4.585000e-15
7140. 4.370000e-15
7144. 4.312000e-15
7148. 4.206000e-15
7152. 4.063000e-15
7156. 4.129000e-15
7160. 4.147000e-15
7164. 4.212000e-15
7168. 4.324000e-15
7172. 4.249000e-15
7176. 4.186000e-15
7180. 4.224000e-15
7184. 4.222000e-15
7188. 4.123000e-15
7192. 4.086000e-15
7196. 4.102000e-15
7200. 4.046000e-15
7204. 4.165000e-15
7208. 4.003000e-15
7212. 3.893000e-15
7216. 4.004000e-15
7220. 4.170000e-15
7224. 4.208000e-15
7228. 4.163000e-15
7232. 4.241000e-15
7236. 4.245000e-15
7240. 4.198000e-15
7244. 4.255000e-15
7248. 4.181000e-15
7252. 4.184000e-15
7256. 4.160000e-15
7260. 4.123000e-15
7264. 4.323000e-15
7268. 4.285000e-15
7272. 4.202000e-15
7276. 4.347000e-15
7280. 4.191000e-15
7284. 4.222000e-15
7288. 4.103000e-15
7292. 4.155000e-15
7296. 4.314000e-15
7300. 4.316000e-15
7304. 4.143000e-15
7308. 4.260000e-15
7312. 4.123000e-15
7316. 4.244000e-15
7320. 4.519000e-15
7324. 4.418000e-15
7328. 4.384000e-15
7332. 4.373000e-15
7336. 4.426000e-15
7340. 4.264000e-15
7344. 4.267000e-15
7348. 4.311000e-15
7352. 4.268000e-15
7356. 4.351000e-15
7360. 4.332000e-15
7364. 4.305000e-15
7368. 4.400000e-15
7372. 4.317000e-15
7376. 4.356000e-15
7380. 4.348000e-15
7384. 4.302000e-15
7388. 4.246000e-15
7392. 4.352000e-15
7396. 4.344000e-15
7400. 4.183000e-15
7404. 4.281000e-15
7408. 4.418000e-15
7412. 4.266000e-15
7416. 4.262000e-15
7420. 4.092000e-15
7424. 4.193000e-15
7428. 4.369000e-15
7432. 4.324000e-15
7436. 4.167000e-15
7440. 4.242000e-15
7444. 4.289000e-15
7448. 4.250000e-15
7452. 4.276000e-15
7456. 4.248000e-15
7460. 4.166000e-15
7464. 4.297000e-15
7468. 4.298000e-15
7472. 4.312000e-15
7476. 4.347000e-15
7480. 4.334000e-15
7484. 4.370000e-15
7488. 4.323000e-15
7492. 4.109000e-15
7496. 4.105000e-15
7500. 4.246000e-15
7504. 4.339000e-15
7508. 4.328000e-15
7512. 4.297000e-15
7516. 4.316000e-15
7520. 4.384000e-15
7524. 4.234000e-15
7528. 4.328000e-15
7532. 4.246000e-15
7536. 4.230000e-15
7540. 4.400000e-15
7544. 4.448000e-15
7548. 4.382000e-15
7552. 4.475000e-15
7556. 4.712000e-15
7560. 4.853000e-15
7564. 4.203000e-15
7568. 3.837000e-15
7572. 3.828000e-15
7576. 3.956000e-15
7580. 4.435000e-15
7584. 4.488000e-15
7588. 4.239000e-15
7592. 3.969000e-15
7596. 3.591000e-15
7600. 3.702000e-15
7604. 3.782000e-15
7608. 4.038000e-15
7612. 4.011000e-15
7616. 3.993000e-15
7620. 3.999000e-15
7624. 3.876000e-15
7628. 3.858000e-15
7632. 3.984000e-15
7636. 4.062000e-15
7640. 4.028000e-15
7644. 4.064000e-15
7648. 4.036000e-15
7652. 4.044000e-15
7656. 4.009000e-15
7660. 3.871000e-15
7664. 3.790000e-15
7668. 4.048000e-15
7672. 4.089000e-15
7676. 3.979000e-15
7680. 3.820000e-15
7684. 3.670000e-15
7688. 3.850000e-15
7692. 4.103000e-15
7696. 4.014000e-15
7700. 4.103000e-15
7704. 4.059000e-15
7708. 3.978000e-15
7712. 3.861000e-15
7716. 3.868000e-15
7720. 3.869000e-15
7724. 4.017000e-15
7728. 4.067000e-15
7732. 3.923000e-15
7736. 4.106000e-15
7740. 4.091000e-15
7744. 4.019000e-15
7748. 4.105000e-15
7752. 4.258000e-15
7756. 4.184000e-15
7760. 3.878000e-15
7764. 4.075000e-15
7768. 4.045000e-15
7772. 3.965000e-15
7776. 4.048000e-15
7780. 4.162000e-15
7784. 3.867000e-15
7788. 3.964000e-15
7792. 3.992000e-15
7796. 4.061000e-15
7800. 4.100000e-15
7804. 4.181000e-15
7808. 4.363000e-15
7812. 4.385000e-15
7816. 4.190000e-15
7820. 4.283000e-15
7824. 4.011000e-15
7828. 3.938000e-15
7832. 3.930000e-15
7836. 3.989000e-15
7840. 4.074000e-15
7844. 4.053000e-15
7848. 3.923000e-15
7852. 3.933000e-15
7856. 3.910000e-15
7860. 4.077000e-15
7864. 4.233000e-15
7868. 4.299000e-15
7872. 4.124000e-15
7876. 4.002000e-15
7880. 3.751000e-15
7884. 3.715000e-15
7888. 3.967000e-15
7892. 4.070000e-15
7896. 3.998000e-15
7900. 3.969000e-15
7904. 4.055000e-15
7908. 3.934000e-15
7912. 3.927000e-15
7916. 3.901000e-15
7920. 3.935000e-15
7924. 3.839000e-15
7928. 3.771000e-15
7932. 3.804000e-15
7936. 3.752000e-15
7940. 3.805000e-15
7944. 3.806000e-15
7948. 3.854000e-15
7952. 3.923000e-15
7956. 3.841000e-15
7960. 3.703000e-15
7964. 3.804000e-15
7968. 4.096000e-15
7972. 3.979000e-15
7976. 4.024000e-15
7980. 4.089000e-15
7984. 3.709000e-15
7988. 4.041000e-15
7992. 3.876000e-15
7996. 3.933000e-15
8000. 4.118000e-15
8004. 4.152000e-15
8008. 4.038000e-15
8012. 4.143000e-15
8016. 3.988000e-15
8020. 3.797000e-15
8024. 3.978000e-15
8028. 4.154000e-15
8032. 4.044000e-15
8036. 3.973000e-15
8040. 3.944000e-15
8044. 4.032000e-15
8048. 3.902000e-15
8052. 4.074000e-15
8056. 4.098000e-15
8060. 4.081000e-15
8064. 3.945000e-15
8068. 3.949000e-15
8072. 3.961000e-15
8076. 4.022000e-15
8080. 4.011000e-15
8084. 3.921000e-15
8088. 3.879000e-15
8092. 3.954000e-15
8096. 3.954000e-15
8100. 4.010000e-15
8104. 4.050000e-15
8108. 3.974000e-15
8112. 3.956000e-15
8116. 3.917000e-15
8120. 4.090000e-15
8124. 4.141000e-15
8128. 4.037000e-15
8132. 4.045000e-15
8136. 4.066000e-15
8140. 4.045000e-15
8144. 4.116000e-15
8148. 4.022000e-15
8152. 3.990000e-15
8156. 3.949000e-15
8160. 4.000000e-15
8164. 4.082000e-15
8168. 4.075000e-15
8172. 4.041000e-15
8176. 4.102000e-15
8180. 4.119000e-15
8184. 4.033000e-15
8188. 3.994000e-15
8192. 3.811000e-15
8196. 3.793000e-15
8200. 3.848000e-15
8204. 3.894000e-15
8208. 3.891000e-15
8212. 3.936000e-15
8216. 3.975000e-15
8220. 4.012000e-15
8224. 3.794000e-15
8228. 3.881000e-15
8232. 4.049000e-15
8236. 4.137000e-15
8240. 4.180000e-15
8244. 3.862000e-15
8248. 3.871000e-15
8252. 3.807000e-15
8256. 3.698000e-15
8260. 3.600000e-15
8264. 3.535000e-15
8268. 3.897000e-15
8272. 3.839000e-15
8276. 3.810000e-15
8280. 3.721000e-15
8284. 3.954000e-15
8288. 3.937000e-15
8292. 4.261000e-15
8296. 4.554000e-15
8300. 4.133000e-15
8304. 3.782000e-15
8308. 3.296000e-15
8312. 3.256000e-15
8316. 3.638000e-15
8320. 3.842000e-15
8324. 3.827000e-15
8328. 3.801000e-15
8332. 3.977000e-15
8336. 3.909000e-15
8340. 4.047000e-15
8344. 3.890000e-15
8348. 4.063000e-15
8352. 4.184000e-15
8356. 3.736000e-15
8360. 3.850000e-15
8364. 3.653000e-15
8368. 3.901000e-15
8372. 3.784000e-15
8376. 3.941000e-15
8380. 4.126000e-15
8384. 4.256000e-15
8388. 3.357000e-15
8392. 3.321000e-15
8396. 3.392000e-15
8400. 3.821000e-15
8404. 3.896000e-15
8408. 3.891000e-15
8412. 4.110000e-15
8416. 3.928000e-15
8420. 3.941000e-15
8424. 3.724000e-15
8428. 3.437000e-15
8432. 3.339000e-15
8436. 3.884000e-15
8440. 3.953000e-15
8444. 4.107000e-15
8448. 3.982000e-15
8452. 3.857000e-15
8456. 3.963000e-15
8460. 3.866000e-15
8464. 3.645000e-15
8468. 3.424000e-15
8472. 3.564000e-15
8476. 3.919000e-15
8480. 3.833000e-15
8484. 3.964000e-15
8488. 3.947000e-15
8492. 3.693000e-15
8496. 3.559000e-15
8500. 3.674000e-15
8504. 3.569000e-15
8508. 3.627000e-15
8512. 3.751000e-15
8516. 3.499000e-15
8520. 3.667000e-15
8524. 3.627000e-15
8528. 3.605000e-15
8532. 3.527000e-15
8536. 3.340000e-15
8540. 3.233000e-15
8544. 3.260000e-15
8548. 3.392000e-15
8552. 3.751000e-15
8556. 3.937000e-15
8560. 3.877000e-15
8564. 3.776000e-15
8568. 3.972000e-15
8572. 3.909000e-15
8576. 3.773000e-15
8580. 3.869000e-15
8584. 4.033000e-15
8588. 3.819000e-15
8592. 3.802000e-15
8596. 4.053000e-15
8600. 3.890000e-15
8604. 3.838000e-15
8608. 4.008000e-15
8612. 4.022000e-15
8616. 3.788000e-15
8620. 3.898000e-15
8624. 3.973000e-15
8628. 4.133000e-15
8632. 3.996000e-15
8636. 3.776000e-15
8640. 3.800000e-15
8644. 3.761000e-15
8648. 3.942000e-15
8652. 3.656000e-15
8656. 3.509000e-15
8660. 3.377000e-15
8664. 3.364000e-15
8668. 3.554000e-15
8672. 3.650000e-15
8676. 3.807000e-15
8680. 3.857000e-15
8684. 3.931000e-15
8688. 3.838000e-15
8692. 3.911000e-15
8696. 4.005000e-15
8700. 3.955000e-15
8704. 4.116000e-15
8708. 4.107000e-15
8712. 4.400000e-15
8716. 4.306000e-15
8720. 4.236000e-15
8724. 3.813000e-15
8728. 3.920000e-15
8732. 3.730000e-15
8736. 3.813000e-15
8740. 3.778000e-15
8744. 3.846000e-15
8748. 4.018000e-15
8752. 3.971000e-15
8756. 3.777000e-15
8760. 4.011000e-15
8764. 4.052000e-15
8768. 3.952000e-15
8772. 4.413000e-15
8776. 4.994000e-15
8780. 4.624000e-15
8784. 4.094000e-15
8788. 3.477000e-15
8792. 3.342000e-15
8796. 3.623000e-15
8800. 3.692000e-15
8804. 3.888000e-15
8808. 3.897000e-15
8812. 4.020000e-15
8816. 4.150000e-15
8820. 4.099000e-15
8824. 4.022000e-15
8828. 3.908000e-15
8832. 4.187000e-15
8836. 4.831000e-15
8840. 4.528000e-15
8844. 3.979000e-15
8848. 3.588000e-15
8852. 3.913000e-15
8856. 4.059000e-15
8860. 3.800000e-15
8864. 4.057000e-15
8868. 4.367000e-15
8872. 3.916000e-15
8876. 3.554000e-15
8880. 3.313000e-15
8884. 3.293000e-15
8888. 3.910000e-15
8892. 4.220000e-15
8896. 4.043000e-15
8900. 3.883000e-15
8904. 3.945000e-15
8908. 4.242000e-15
8912. 3.821000e-15
8916. 3.479000e-15
8920. 3.354000e-15
8924. 3.638000e-15
8928. 3.990000e-15
8932. 3.912000e-15
8936. 4.176000e-15
8940. 3.736000e-15
8944. 3.943000e-15
8948. 4.221000e-15
8952. 3.936000e-15
8956. 3.813000e-15
8960. 3.729000e-15
8964. 3.676000e-15
8968. 3.793000e-15
8972. 3.851000e-15
8976. 4.012000e-15
8980. 4.143000e-15
8984. 4.063000e-15
8988. 4.178000e-15
8992. 4.060000e-15
8996. 3.902000e-15
9000. 3.921000e-15
9004. 3.725000e-15
9008. 3.613000e-15
9012. 3.805000e-15
9016. 3.894000e-15
9020. 3.608000e-15
9024. 3.698000e-15
9028. 3.992000e-15
9032. 3.966000e-15
9036. 3.866000e-15
9040. 3.862000e-15
9044. 4.028000e-15
9048. 4.281000e-15
9052. 4.154000e-15
9056. 4.244000e-15
9060. 4.858000e-15
9064. 6.745000e-15
9068. 8.774000e-15
9072. 6.934000e-15
9076. 4.545000e-15
9080. 3.949000e-15
9084. 3.941000e-15
9088. 3.947000e-15
9092. 4.131000e-15
9096. 4.136000e-15
9100. 3.975000e-15
9104. 4.113000e-15
9108. 3.967000e-15
9112. 3.925000e-15
9116. 4.009000e-15
9120. 4.020000e-15
9124. 3.867000e-15
9128. 4.143000e-15
9132. 4.103000e-15
9136. 4.169000e-15
9140. 4.141000e-15
9144. 3.812000e-15
9148. 3.740000e-15
9152. 3.700000e-15
9156. 3.633000e-15
9160. 3.912000e-15
9164. 3.791000e-15
9168. 3.741000e-15
9172. 3.689000e-15
9176. 3.748000e-15
9180. 3.743000e-15
9184. 3.724000e-15
9188. 3.765000e-15
9192. 3.643000e-15
9196. 3.667000e-15
9200. 3.694000e-15
9204. 3.460000e-15
9208. 3.507000e-15
9212. 3.668000e-15
9216. 3.383000e-15
9220. 3.404000e-15
9224. 3.568000e-15
9228. 3.782000e-15
9232. 3.812000e-15
9236. 3.489000e-15
9240. 3.551000e-15
9244. 3.750000e-15
9248. 3.535000e-15
9252. 4.076000e-15
9256. 4.853000e-15
9260. 4.404000e-15
9264. 3.273000e-15
9268. 2.660000e-15
9272. 2.938000e-15
9276. 2.907000e-15
9280. 3.272000e-15
9284. 2.723000e-15
9288. 3.091000e-15
9292. 3.574000e-15
9296. 3.762000e-15
9300. 3.450000e-15
9304. 3.788000e-15
9308. 3.704000e-15
9312. 3.678000e-15
9316. 4.136000e-15
9320. 5.267000e-15
9324. 5.883000e-15
9328. 3.909000e-15
9332. 2.131000e-15
9336. 4.000000e-15
9340. 2.869000e-15
9344. 3.729000e-15
9348. 4.020000e-15
9352. 3.816000e-15
9356. 3.121000e-15
9360. 3.908000e-15
9364. 3.692000e-15
9368. 3.747000e-15
9372. 3.509000e-15
9376. 3.001000e-15
9380. 3.562000e-15
9384. 4.514000e-15
9388. 4.139000e-15
9392. 3.686000e-15
9396. 2.892000e-15
9400. 2.534000e-15
9404. 3.157000e-15
9408. 3.695000e-15
9412. 3.460000e-15
9416. 2.424000e-15
9420. 3.194000e-15
9424. 4.011000e-15
9428. 3.331000e-15
9432. 3.458000e-15
9436. 2.432000e-15
9440. 2.788000e-15
9444. 3.761000e-15
9448. 4.088000e-15
9452. 4.536000e-15
9456. 3.562000e-15
9460. 3.263000e-15
9464. 3.292000e-15
9468. 3.421000e-15
9472. 2.719000e-15
9476. 2.988000e-15
9480. 3.019000e-15
9484. 3.556000e-15
9488. 2.959000e-15
9492. 2.865000e-15
9496. 3.941000e-15
9500. 3.924000e-15
9504. 4.169000e-15
9508. 3.828000e-15
9512. 3.492000e-15
9516. 3.887000e-15
9520. 5.201000e-15
9524. 6.574000e-15
9528. 1.140000e-14
9532. 1.238000e-14
9536. 6.956000e-15
9540. 4.334000e-15
9544. 4.214000e-15
9548. 4.123000e-15
9552. 3.473000e-15
9556. 3.671000e-15
9560. 3.408000e-15
9564. 3.256000e-15
9568. 3.445000e-15
9572. 3.834000e-15
9576. 3.954000e-15
9580. 3.797000e-15
9584. 4.041000e-15
9588. 3.836000e-15
9592. 3.520000e-15
9596. 3.706000e-15
9600. 3.530000e-15
9604. 3.938000e-15
9608. 4.224000e-15
9612. 4.028000e-15
9616. 4.188000e-15
9620. 3.579000e-15
9624. 3.755000e-15
9628. 3.735000e-15
9632. 3.944000e-15
9636. 3.510000e-15
9640. 3.373000e-15
9644. 3.785000e-15
9648. 4.291000e-15
9652. 4.034000e-15
9656. 3.686000e-15
9660. 3.798000e-15
9664. 4.946000e-15
9668. 3.591000e-15
9672. 3.339000e-15
9676. 3.308000e-15
9680. 3.632000e-15
9684. 3.980000e-15
9688. 3.894000e-15
9692. 3.880000e-15
9696. 3.359000e-15
9700. 3.766000e-15
9704. 4.488000e-15
9708. 4.075000e-15
9712. 3.742000e-15
9716. 3.740000e-15
9720. 3.727000e-15
9724. 4.084000e-15
9728. 3.744000e-15
9732. 3.669000e-15
9736. 4.140000e-15
9740. 4.488000e-15
9744. 3.935000e-15
9748. 3.233000e-15
9752. 3.384000e-15
9756. 3.883000e-15
9760. 3.651000e-15
9764. 3.825000e-15
9768. 3.959000e-15
9772. 3.463000e-15
9776. 4.060000e-15
9780. 3.841000e-15
9784. 3.809000e-15
9788. 4.158000e-15
9792. 4.272000e-15
9796. 4.400000e-15
9800. 3.884000e-15
9804. 3.790000e-15
9808. 3.703000e-15
9812. 4.589000e-15
9816. 5.095000e-15
9820. 4.462000e-15
9824. 3.981000e-15
9828. 2.840000e-15
9832. 2.878000e-15
9836. 4.081000e-15
9840. 4.488000e-15
9844. 4.034000e-15
9848. 3.968000e-15
9852. 4.070000e-15
9856. 4.297000e-15
9860. 4.831000e-15
9864. 4.172000e-15
9868. 3.766000e-15
9872. 3.414000e-15
9876. 3.772000e-15
9880. 4.541000e-15
9884. 4.475000e-15
9888. 5.254000e-15
9892. 5.403000e-15
9896. 4.497000e-15
9900. 4.558000e-15
9904. 4.638000e-15
9908. 5.584000e-15
9912. 5.003000e-15
9916. 4.440000e-15
9920. 3.836000e-15
9924. 4.265000e-15
9928. 4.343000e-15
9932. 3.832000e-15
9936. 4.167000e-15
9940. 4.212000e-15
9944. 4.545000e-15
9948. 4.748000e-15
9952. 3.675000e-15
9956. 3.577000e-15
9960. 3.634000e-15
9964. 3.725000e-15
9968. 3.674000e-15
9972. 3.658000e-15
9976. 3.873000e-15
9980. 0.
9984. 0.
9988. 0.
9992. 0.
9996. 0.
10000. 0.
