1100. 0.
1104. 0.
1108. 0.
1112. 0.
1116. 0.
1120. 0.
1124. 0.
1128. 0.
1132. 0.
1136. 0.
1140. 0.
1144. 0.
1148. 0.
1152. 0.
1156. 0.
1160. 0.
1164. 0.
1168. 0.
1172. 0.
1176. 0.
1180. 0.
1184. 0.
1188. 0.
1192. 0.
1196. 0.
1200. 0.
1204. 0.
1208. 0.
1212. 0.
1216. 0.
1220. 0.
1224. 0.
1228. 0.
1232. 1.094000e-14
1236. 8.669000e-15
1240. 1.262000e-14
1244. 2.138000e-14
1248. 1.932000e-14
1252. 1.750000e-14
1256. 1.586000e-14
1260. 1.547000e-14
1264. 1.867000e-14
1268. 2.033000e-14
1272. 2.243000e-14
1276. 2.083000e-14
1280. 2.065000e-14
1284. 2.033000e-14
1288. 2.160000e-14
1292. 1.793000e-14
1296. 1.467000e-14
1300. 1.400000e-14
1304. 1.403000e-14
1308. 1.748000e-14
1312. 2.084000e-14
1316. 1.980000e-14
1320. 1.999000e-14
1324. 1.859000e-14
1328. 1.695000e-14
1332. 1.262000e-14
1336. 1.294000e-14
1340. 1.876000e-14
1344. 1.900000e-14
1348. 1.892000e-14
1352. 2.129000e-14
1356. 2.025000e-14
1360. 1.807000e-14
1364. 1.765000e-14
1368. 1.847000e-14
1372. 1.709000e-14
1376. 1.781000e-14
1380. 1.568000e-14
1384. 1.382000e-14
1388. 1.058000e-14
1392. 9.117000e-15
1396. 1.057000e-14
1400. 1.149000e-14
1404. 1.708000e-14
1408. 1.693000e-14
1412. 1.777000e-14
1416. 1.767000e-14
1420. 1.614000e-14
1424. 1.911000e-14
1428. 1.586000e-14
1432. 1.571000e-14
1436. 1.592000e-14
1440. 1.665000e-14
1444. 1.770000e-14
1448. 1.822000e-14
1452. 1.669000e-14
1456. 1.880000e-14
1460. 1.806000e-14
1464. 1.903000e-14
1468. 1.766000e-14
1472. 1.961000e-14
1476. 1.910000e-14
1480. 1.835000e-14
1484. 1.828000e-14
1488. 1.901000e-14
1492. 1.819000e-14
1496. 1.796000e-14
1500. 1.688000e-14
1504. 1.604000e-14
1508. 1.790000e-14
1512. 1.947000e-14
1516. 1.516000e-14
1520. 1.651000e-14
1524. 1.546000e-14
1528. 1.189000e-14
1532. 1.352000e-14
1536. 1.182000e-14
1540. 8.976000e-15
1544. 5.991000e-15
1548. 6.649000e-15
1552. 1.348000e-14
1556. 1.916000e-14
1560. 1.396000e-14
1564. 1.536000e-14
1568. 1.504000e-14
1572. 1.626000e-14
1576. 1.743000e-14
1580. 1.332000e-14
1584. 1.383000e-14
1588. 1.517000e-14
1592. 1.515000e-14
1596. 1.320000e-14
1600. 1.282000e-14
1604. 1.210000e-14
1608. 1.368000e-14
1612. 1.099000e-14
1616. 1.369000e-14
1620. 1.261000e-14
1624. 1.407000e-14
1628. 1.464000e-14
1632. 1.450000e-14
1636. 1.528000e-14
1640. 1.566000e-14
1644. 1.643000e-14
1648. 1.684000e-14
1652. 1.772000e-14
1656. 1.423000e-14
1660. 1.498000e-14
1664. 1.462000e-14
1668. 1.457000e-14
1672. 1.448000e-14
1676. 1.608000e-14
1680. 1.676000e-14
1684. 1.833000e-14
1688. 1.638000e-14
1692. 1.607000e-14
1696. 1.611000e-14
1700. 1.578000e-14
1704. 1.712000e-14
1708. 1.512000e-14
1712. 1.379000e-14
1716. 1.504000e-14
1720. 1.497000e-14
1724. 1.910000e-14
1728. 1.787000e-14
1732. 1.631000e-14
1736. 1.710000e-14
1740. 1.718000e-14
1744. 1.580000e-14
1748. 1.630000e-14
1752. 1.798000e-14
1756. 1.861000e-14
1760. 1.743000e-14
1764. 1.685000e-14
1768. 1.680000e-14
1772. 1.576000e-14
1776. 1.646000e-14
1780. 1.643000e-14
1784. 1.655000e-14
1788. 1.481000e-14
1792. 1.502000e-14
1796. 1.575000e-14
1800. 1.668000e-14
1804. 1.705000e-14
1808. 1.656000e-14
1812. 1.636000e-14
1816. 1.571000e-14
1820. 1.547000e-14
1824. 1.629000e-14
1828. 1.592000e-14
1832. 1.557000e-14
1836. 1.565000e-14
1840. 1.406000e-14
1844. 1.347000e-14
1848. 1.339000e-14
1852. 1.285000e-14
1856. 1.322000e-14
1860. 1.459000e-14
1864. 1.487000e-14
1868. 1.575000e-14
1872. 1.549000e-14
1876. 1.581000e-14
1880. 1.499000e-14
1884. 1.414000e-14
1888. 1.424000e-14
1892. 1.446000e-14
1896. 1.365000e-14
1900. 1.450000e-14
1904. 1.448000e-14
1908. 1.406000e-14
1912. 1.368000e-14
1916. 1.362000e-14
1920. 1.292000e-14
1924. 1.291000e-14
1928. 1.277000e-14
1932. 1.411000e-14
1936. 1.414000e-14
1940. 1.440000e-14
1944. 1.402000e-14
1948. 1.399000e-14
1952. 1.350000e-14
1956. 1.309000e-14
1960. 1.316000e-14
1964. 1.338000e-14
1968. 1.068000e-14
1972. 1.590000e-14
1976. 1.221000e-14
1980. 1.463000e-14
1984. 1.480000e-14
1988. 1.845000e-14
1992. 1.459000e-14
1996. 1.169000e-14
2000. 1.396000e-14
2004. 1.230000e-14
2008. 1.542000e-14
2012. 1.597000e-14
2016. 1.241000e-14
2020. 1.535000e-14
2024. 1.247000e-14
2028. 1.612000e-14
2032. 1.595000e-14
2036. 1.060000e-14
2040. 1.536000e-14
2044. 1.575000e-14
2048. 1.187000e-14
2052. 1.042000e-14
2056. 1.664000e-14
2060. 1.214000e-14
2064. 1.452000e-14
2068. 1.195000e-14
2072. 1.486000e-14
2076. 1.320000e-14
2080. 9.346000e-15
2084. 1.393000e-14
2088. 1.398000e-14
2092. 1.658000e-14
2096. 1.258000e-14
2100. 1.776000e-14
2104. 1.426000e-14
2108. 1.380000e-14
2112. 1.701000e-14
2116. 1.466000e-14
2120. 1.538000e-14
2124. 1.584000e-14
2128. 1.451000e-14
2132. 1.760000e-14
2136. 1.391000e-14
2140. 1.641000e-14
2144. 1.479000e-14
2148. 1.800000e-14
2152. 1.406000e-14
2156. 1.214000e-14
2160. 1.299000e-14
2164. 1.381000e-14
2168. 8.835000e-15
2172. 1.378000e-14
2176. 1.481000e-14
2180. 1.248000e-14
2184. 1.558000e-14
2188. 1.714000e-14
2192. 1.560000e-14
2196. 1.246000e-14
2200. 1.320000e-14
2204. 1.480000e-14
2208. 1.180000e-14
2212. 1.308000e-14
2216. 1.407000e-14
2220. 1.503000e-14
2224. 1.485000e-14
2228. 1.304000e-14
2232. 1.040000e-14
2236. 1.430000e-14
2240. 1.437000e-14
2244. 1.305000e-14
2248. 1.176000e-14
2252. 1.258000e-14
2256. 1.369000e-14
2260. 1.023000e-14
2264. 1.277000e-14
2268. 1.068000e-14
2272. 1.410000e-14
2276. 1.181000e-14
2280. 1.389000e-14
2284. 1.390000e-14
2288. 1.310000e-14
2292. 1.187000e-14
2296. 1.413000e-14
2300. 1.441000e-14
2304. 1.097000e-14
2308. 1.379000e-14
2312. 1.165000e-14
2316. 1.310000e-14
2320. 1.082000e-14
2324. 1.678000e-14
2328. 1.489000e-14
2332. 1.164000e-14
2336. 1.083000e-14
2340. 1.085000e-14
2344. 1.076000e-14
2348. 9.546000e-15
2352. 9.039000e-15
2356. 9.033000e-15
2360. 1.177000e-14
2364. 1.078000e-14
2368. 1.190000e-14
2372. 9.904000e-15
2376. 8.458000e-15
2380. 9.338000e-15
2384. 1.103000e-14
2388. 1.024000e-14
2392. 9.758000e-15
2396. 1.334000e-14
2400. 1.036000e-14
2404. 1.120000e-14
2408. 1.362000e-14
2412. 1.280000e-14
2416. 1.002000e-14
2420. 8.818000e-15
2424. 1.222000e-14
2428. 1.296000e-14
2432. 1.115000e-14
2436. 1.285000e-14
2440. 1.114000e-14
2444. 1.228000e-14
2448. 1.126000e-14
2452. 1.224000e-14
2456. 1.024000e-14
2460. 1.129000e-14
2464. 1.182000e-14
2468. 1.177000e-14
2472. 1.224000e-14
2476. 9.859000e-15
2480. 1.098000e-14
2484. 1.102000e-14
2488. 1.131000e-14
2492. 9.346000e-15
2496. 1.223000e-14
2500. 1.157000e-14
2504. 1.266000e-14
2508. 1.125000e-14
2512. 1.129000e-14
2516. 1.069000e-14
2520. 1.047000e-14
2524. 1.144000e-14
2528. 1.020000e-14
2532. 1.050000e-14
2536. 1.098000e-14
2540. 1.068000e-14
2544. 1.026000e-14
2548. 1.066000e-14
2552. 1.055000e-14
2556. 1.002000e-14
2560. 1.110000e-14
2564. 1.157000e-14
2568. 1.070000e-14
2572. 9.070000e-15
2576. 1.109000e-14
2580. 1.041000e-14
2584. 8.774000e-15
2588. 9.443000e-15
2592. 1.103000e-14
2596. 8.471000e-15
2600. 7.928000e-15
2604. 9.173000e-15
2608. 8.495000e-15
2612. 1.051000e-14
2616. 1.147000e-14
2620. 1.088000e-14
2624. 1.095000e-14
2628. 1.128000e-14
2632. 1.085000e-14
2636. 1.045000e-14
2640. 1.044000e-14
2644. 1.055000e-14
2648. 1.039000e-14
2652. 1.107000e-14
2656. 1.039000e-14
2660. 1.094000e-14
2664. 1.154000e-14
2668. 1.205000e-14
2672. 1.102000e-14
2676. 1.114000e-14
2680. 1.016000e-14
2684. 1.083000e-14
2688. 1.160000e-14
2692. 1.066000e-14
2696. 1.059000e-14
2700. 1.090000e-14
2704. 1.085000e-14
2708. 9.893000e-15
2712. 9.896000e-15
2716. 9.904000e-15
2720. 9.093000e-15
2724. 1.044000e-14
2728. 1.015000e-14
2732. 1.012000e-14
2736. 9.813000e-15
2740. 9.401000e-15
2744. 9.093000e-15
2748. 9.097000e-15
2752. 8.980000e-15
2756. 9.744000e-15
2760. 1.000000e-14
2764. 1.000000e-14
2768. 1.049000e-14
2772. 1.108000e-14
2776. 1.063000e-14
2780. 9.522000e-15
2784. 9.678000e-15
2788. 9.061000e-15
2792. 7.369000e-15
2796. 6.038000e-15
2800. 6.213000e-15
2804. 7.257000e-15
2808. 9.520000e-15
2812. 9.966000e-15
2816. 1.007000e-14
2820. 1.022000e-14
2824. 1.042000e-14
2828. 9.227000e-15
2832. 9.245000e-15
2836. 1.029000e-14
2840. 9.747000e-15
2844. 9.439000e-15
2848. 9.532000e-15
2852. 9.042000e-15
2856. 8.651000e-15
2860. 1.000000e-14
2864. 9.183000e-15
2868. 9.258000e-15
2872. 1.024000e-14
2876. 1.031000e-14
2880. 9.696000e-15
2884. 9.679000e-15
2888. 9.229000e-15
2892. 9.506000e-15
2896. 9.415000e-15
2900. 8.881000e-15
2904. 9.560000e-15
2908. 1.041000e-14
2912. 9.954000e-15
2916. 9.178000e-15
2920. 9.800000e-15
2924. 9.324000e-15
2928. 9.288000e-15
2932. 9.388000e-15
2936. 1.020000e-14
2940. 1.081000e-14
2944. 8.460000e-15
2948. 1.095000e-14
2952. 1.017000e-14
2956. 1.018000e-14
2960. 9.904000e-15
2964. 9.588000e-15
2968. 1.022000e-14
2972. 9.295000e-15
2976. 9.923000e-15
2980. 1.091000e-14
2984. 1.021000e-14
2988. 1.078000e-14
2992. 9.549000e-15
2996. 9.723000e-15
3000. 9.510000e-15
3004. 8.905000e-15
3008. 9.618000e-15
3012. 1.158000e-14
3016. 1.133000e-14
3020. 1.165000e-14
3024. 1.014000e-14
3028. 8.809000e-15
3032. 8.381000e-15
3036. 1.060000e-14
3040. 1.038000e-14
3044. 1.016000e-14
3048. 9.657000e-15
3052. 1.121000e-14
3056. 1.099000e-14
3060. 1.026000e-14
3064. 9.496000e-15
3068. 1.005000e-14
3072. 1.162000e-14
3076. 8.783000e-15
3080. 1.058000e-14
3084. 8.452000e-15
3088. 8.983000e-15
3092. 1.051000e-14
3096. 1.048000e-14
3100. 1.054000e-14
3104. 1.070000e-14
3108. 9.186000e-15
3112. 9.167000e-15
3116. 1.213000e-14
3120. 1.248000e-14
3124. 1.000000e-14
3128. 9.496000e-15
3132. 9.176000e-15
3136. 1.252000e-14
3140. 8.634000e-15
3144. 8.261000e-15
3148. 1.526000e-14
3152. 1.301000e-14
3156. 1.554000e-14
3160. 1.411000e-14
3164. 1.428000e-14
3168. 1.150000e-14
3172. 1.402000e-14
3176. 1.352000e-14
3180. 1.959000e-14
3184. 1.558000e-14
3188. 1.012000e-14
3192. 1.102000e-14
3196. 1.557000e-14
3200. 1.709000e-14
3204. 1.301000e-14
3208. 1.771000e-14
3212. 1.499000e-14
3216. 1.282000e-14
3220. 1.247000e-14
3224. 1.245000e-14
3228. 7.378000e-15
3232. 8.414000e-15
3236. 1.010000e-14
3240. 8.602000e-15
3244. 1.131000e-14
3248. 8.550000e-15
3252. 9.092000e-15
3256. 8.785000e-15
3260. 1.133000e-14
3264. 1.129000e-14
3268. 9.385000e-15
3272. 1.145000e-14
3276. 1.133000e-14
3280. 1.578000e-14
3284. 1.178000e-14
3288. 1.094000e-14
3292. 1.121000e-14
3296. 9.672000e-15
3300. 9.669000e-15
3304. 1.121000e-14
3308. 1.232000e-14
3312. 1.292000e-14
3316. 1.448000e-14
3320. 1.363000e-14
3324. 1.169000e-14
3328. 1.163000e-14
3332. 1.298000e-14
3336. 1.128000e-14
3340. 1.094000e-14
3344. 9.981000e-15
3348. 9.756000e-15
3352. 1.055000e-14
3356. 1.079000e-14
3360. 8.763000e-15
3364. 7.882000e-15
3368. 9.558000e-15
3372. 1.043000e-14
3376. 9.836000e-15
3380. 8.558000e-15
3384. 9.752000e-15
3388. 8.244000e-15
3392. 7.440000e-15
3396. 9.312000e-15
3400. 1.025000e-14
3404. 1.215000e-14
3408. 1.183000e-14
3412. 1.012000e-14
3416. 9.013000e-15
3420. 1.004000e-14
3424. 9.642000e-15
3428. 1.131000e-14
3432. 1.112000e-14
3436. 1.013000e-14
3440. 9.198000e-15
3444. 1.016000e-14
3448. 9.282000e-15
3452. 1.000000e-14
3456. 9.578000e-15
3460. 1.062000e-14
3464. 1.139000e-14
3468. 1.102000e-14
3472. 1.074000e-14
3476. 1.069000e-14
3480. 9.847000e-15
3484. 1.095000e-14
3488. 1.089000e-14
3492. 1.039000e-14
3496. 1.036000e-14
3500. 1.167000e-14
3504. 1.098000e-14
3508. 9.927000e-15
3512. 9.593000e-15
3516. 1.052000e-14
3520. 1.000000e-14
3524. 1.066000e-14
3528. 1.044000e-14
3532. 9.844000e-15
3536. 1.026000e-14
3540. 1.056000e-14
3544. 1.161000e-14
3548. 1.082000e-14
3552. 9.807000e-15
3556. 9.775000e-15
3560. 1.030000e-14
3564. 9.272000e-15
3568. 9.920000e-15
3572. 9.917000e-15
3576. 9.559000e-15
3580. 1.024000e-14
3584. 9.568000e-15
3588. 8.669000e-15
3592. 9.382000e-15
3596. 1.119000e-14
3600. 1.127000e-14
3604. 9.818000e-15
3608. 9.300000e-15
3612. 9.558000e-15
3616. 9.605000e-15
3620. 9.374000e-15
3624. 8.917000e-15
3628. 9.558000e-15
3632. 1.014000e-14
3636. 1.013000e-14
3640. 1.063000e-14
3644. 9.708000e-15
3648. 9.395000e-15
3652. 1.007000e-14
3656. 9.183000e-15
3660. 9.514000e-15
3664. 1.020000e-14
3668. 1.027000e-14
3672. 1.019000e-14
3676. 9.532000e-15
3680. 9.797000e-15
3684. 9.680000e-15
3688. 1.028000e-14
3692. 9.677000e-15
3696. 9.869000e-15
3700. 9.900000e-15
3704. 9.501000e-15
3708. 9.934000e-15
3712. 1.064000e-14
3716. 1.188000e-14
3720. 1.790000e-14
3724. 2.838000e-14
3728. 3.250000e-14
3732. 2.425000e-14
3736. 1.366000e-14
3740. 1.013000e-14
3744. 1.094000e-14
3748. 1.015000e-14
3752. 9.582000e-15
3756. 1.013000e-14
3760. 9.358000e-15
3764. 1.002000e-14
3768. 9.856000e-15
3772. 1.009000e-14
3776. 1.048000e-14
3780. 1.127000e-14
3784. 1.163000e-14
3788. 1.118000e-14
3792. 1.053000e-14
3796. 9.721000e-15
3800. 1.003000e-14
3804. 1.067000e-14
3808. 1.203000e-14
3812. 1.253000e-14
3816. 1.201000e-14
3820. 1.148000e-14
3824. 1.061000e-14
3828. 1.047000e-14
3832. 1.004000e-14
3836. 1.056000e-14
3840. 1.110000e-14
3844. 1.172000e-14
3848. 1.182000e-14
3852. 1.224000e-14
3856. 1.279000e-14
3860. 1.347000e-14
3864. 1.358000e-14
3868. 1.336000e-14
3872. 1.354000e-14
3876. 1.302000e-14
3880. 1.237000e-14
3884. 1.244000e-14
3888. 1.181000e-14
3892. 1.172000e-14
3896. 1.199000e-14
3900. 1.203000e-14
3904. 1.226000e-14
3908. 1.189000e-14
3912. 1.242000e-14
3916. 1.269000e-14
3920. 1.235000e-14
3924. 1.145000e-14
3928. 1.149000e-14
3932. 1.103000e-14
3936. 1.117000e-14
3940. 1.239000e-14
3944. 1.212000e-14
3948. 1.233000e-14
3952. 1.257000e-14
3956. 1.217000e-14
3960. 1.173000e-14
3964. 1.131000e-14
3968. 1.114000e-14
3972. 1.100000e-14
3976. 1.142000e-14
3980. 1.212000e-14
3984. 1.291000e-14
3988. 1.336000e-14
3992. 1.377000e-14
3996. 1.328000e-14
4000. 1.338000e-14
4004. 1.314000e-14
4008. 1.340000e-14
4012. 1.359000e-14
4016. 1.397000e-14
4020. 1.415000e-14
4024. 1.384000e-14
4028. 1.320000e-14
4032. 1.270000e-14
4036. 1.316000e-14
4040. 1.352000e-14
4044. 1.380000e-14
4048. 1.385000e-14
4052. 1.356000e-14
4056. 1.331000e-14
4060. 1.384000e-14
4064. 1.355000e-14
4068. 1.357000e-14
4072. 1.333000e-14
4076. 1.250000e-14
4080. 1.259000e-14
4084. 1.278000e-14
4088. 1.294000e-14
4092. 1.248000e-14
4096. 1.225000e-14
4100. 1.297000e-14
4104. 1.316000e-14
4108. 1.224000e-14
4112. 1.284000e-14
4116. 1.285000e-14
4120. 1.310000e-14
4124. 1.346000e-14
4128. 1.325000e-14
4132. 1.292000e-14
4136. 1.327000e-14
4140. 1.318000e-14
4144. 1.349000e-14
4148. 1.278000e-14
4152. 1.331000e-14
4156. 1.323000e-14
4160. 1.333000e-14
4164. 1.316000e-14
4168. 1.313000e-14
4172. 1.290000e-14
4176. 1.312000e-14
4180. 1.348000e-14
4184. 1.359000e-14
4188. 1.290000e-14
4192. 1.259000e-14
4196. 1.241000e-14
4200. 1.301000e-14
4204. 1.301000e-14
4208. 1.322000e-14
4212. 1.324000e-14
4216. 1.338000e-14
4220. 1.356000e-14
4224. 1.332000e-14
4228. 1.335000e-14
4232. 1.331000e-14
4236. 1.374000e-14
4240. 1.358000e-14
4244. 1.365000e-14
4248. 1.344000e-14
4252. 1.311000e-14
4256. 1.327000e-14
4260. 1.344000e-14
4264. 1.352000e-14
4268. 1.322000e-14
4272. 1.332000e-14
4276. 1.363000e-14
4280. 1.363000e-14
4284. 1.271000e-14
4288. 1.302000e-14
4292. 1.231000e-14
4296. 1.227000e-14
4300. 1.265000e-14
4304. 1.230000e-14
4308. 1.168000e-14
4312. 1.141000e-14
4316. 1.166000e-14
4320. 1.206000e-14
4324. 1.198000e-14
4328. 1.196000e-14
4332. 1.232000e-14
4336. 1.463000e-14
4340. 1.655000e-14
4344. 1.488000e-14
4348. 1.258000e-14
4352. 1.154000e-14
4356. 1.201000e-14
4360. 1.285000e-14
4364. 1.281000e-14
4368. 1.232000e-14
4372. 1.240000e-14
4376. 1.268000e-14
4380. 1.258000e-14
4384. 1.247000e-14
4388. 1.239000e-14
4392. 1.271000e-14
4396. 1.288000e-14
4400. 1.242000e-14
4404. 1.205000e-14
4408. 1.245000e-14
4412. 1.281000e-14
4416. 1.299000e-14
4420. 1.269000e-14
4424. 1.289000e-14
4428. 1.246000e-14
4432. 1.219000e-14
4436. 1.264000e-14
4440. 1.287000e-14
4444. 1.266000e-14
4448. 1.313000e-14
4452. 1.260000e-14
4456. 1.220000e-14
4460. 1.236000e-14
4464. 1.252000e-14
4468. 1.259000e-14
4472. 1.276000e-14
4476. 1.266000e-14
4480. 1.251000e-14
4484. 1.261000e-14
4488. 1.285000e-14
4492. 1.316000e-14
4496. 1.311000e-14
4500. 1.305000e-14
4504. 1.310000e-14
4508. 1.304000e-14
4512. 1.265000e-14
4516. 1.295000e-14
4520. 1.294000e-14
4524. 1.296000e-14
4528. 1.276000e-14
4532. 1.297000e-14
4536. 1.290000e-14
4540. 1.278000e-14
4544. 1.269000e-14
4548. 1.299000e-14
4552. 1.321000e-14
4556. 1.264000e-14
4560. 1.278000e-14
4564. 1.311000e-14
4568. 1.368000e-14
4572. 1.305000e-14
4576. 1.255000e-14
4580. 1.260000e-14
4584. 1.289000e-14
4588. 1.251000e-14
4592. 1.260000e-14
4596. 1.289000e-14
4600. 1.282000e-14
4604. 1.321000e-14
4608. 1.311000e-14
4612. 1.321000e-14
4616. 1.263000e-14
4620. 1.257000e-14
4624. 1.308000e-14
4628. 1.315000e-14
4632. 1.311000e-14
4636. 1.313000e-14
4640. 1.228000e-14
4644. 1.256000e-14
4648. 1.271000e-14
4652. 1.264000e-14
4656. 1.262000e-14
4660. 1.278000e-14
4664. 1.203000e-14
4668. 1.196000e-14
4672. 1.221000e-14
4676. 1.228000e-14
4680. 1.248000e-14
4684. 1.272000e-14
4688. 1.295000e-14
4692. 1.317000e-14
4696. 1.258000e-14
4700. 1.264000e-14
4704. 1.287000e-14
4708. 1.256000e-14
4712. 1.233000e-14
4716. 1.223000e-14
4720. 1.231000e-14
4724. 1.221000e-14
4728. 1.244000e-14
4732. 1.227000e-14
4736. 1.217000e-14
4740. 1.227000e-14
4744. 1.270000e-14
4748. 1.283000e-14
4752. 1.256000e-14
4756. 1.286000e-14
4760. 1.259000e-14
4764. 1.243000e-14
4768. 1.237000e-14
4772. 1.213000e-14
4776. 1.224000e-14
4780. 1.242000e-14
4784. 1.238000e-14
4788. 1.248000e-14
4792. 1.216000e-14
4796. 1.214000e-14
4800. 1.223000e-14
4804. 1.246000e-14
4808. 1.199000e-14
4812. 1.151000e-14
4816. 1.167000e-14
4820. 1.177000e-14
4824. 1.162000e-14
4828. 1.186000e-14
4832. 1.225000e-14
4836. 1.198000e-14
4840. 1.220000e-14
4844. 1.214000e-14
4848. 1.239000e-14
4852. 1.338000e-14
4856. 1.802000e-14
4860. 2.408000e-14
4864. 2.275000e-14
4868. 1.554000e-14
4872. 1.175000e-14
4876. 1.073000e-14
4880. 1.059000e-14
4884. 1.142000e-14
4888. 1.213000e-14
4892. 1.213000e-14
4896. 1.220000e-14
4900. 1.251000e-14
4904. 1.280000e-14
4908. 1.193000e-14
4912. 1.154000e-14
4916. 1.142000e-14
4920. 1.126000e-14
4924. 1.129000e-14
4928. 1.177000e-14
4932. 1.185000e-14
4936. 1.174000e-14
4940. 1.195000e-14
4944. 1.228000e-14
4948. 1.237000e-14
4952. 1.345000e-14
4956. 1.484000e-14
4960. 1.581000e-14
4964. 1.448000e-14
4968. 1.217000e-14
4972. 1.204000e-14
4976. 1.175000e-14
4980. 1.217000e-14
4984. 1.198000e-14
4988. 1.177000e-14
4992. 1.254000e-14
4996. 1.320000e-14
5000. 1.581000e-14
5004. 2.002000e-14
5008. 2.299000e-14
5012. 1.953000e-14
5016. 1.391000e-14
5020. 1.230000e-14
5024. 1.152000e-14
5028. 1.184000e-14
5032. 1.180000e-14
5036. 1.161000e-14
5040. 1.175000e-14
5044. 1.166000e-14
5048. 1.153000e-14
5052. 1.164000e-14
5056. 1.197000e-14
5060. 1.184000e-14
5064. 1.181000e-14
5068. 1.225000e-14
5072. 1.158000e-14
5076. 1.139000e-14
5080. 1.139000e-14
5084. 1.127000e-14
5088. 1.145000e-14
5092. 1.148000e-14
5096. 1.141000e-14
5100. 1.150000e-14
5104. 1.142000e-14
5108. 1.195000e-14
5112. 1.184000e-14
5116. 1.201000e-14
5120. 1.168000e-14
5124. 1.171000e-14
5128. 1.108000e-14
5132. 1.111000e-14
5136. 1.123000e-14
5140. 1.132000e-14
5144. 1.131000e-14
5148. 1.111000e-14
5152. 1.145000e-14
5156. 1.140000e-14
5160. 1.098000e-14
5164. 1.111000e-14
5168. 1.091000e-14
5172. 1.074000e-14
5176. 1.121000e-14
5180. 1.124000e-14
5184. 1.132000e-14
5188. 1.111000e-14
5192. 1.160000e-14
5196. 1.174000e-14
5200. 1.168000e-14
5204. 1.163000e-14
5208. 1.113000e-14
5212. 1.144000e-14
5216. 1.142000e-14
5220. 1.174000e-14
5224. 1.196000e-14
5228. 1.114000e-14
5232. 1.168000e-14
5236. 1.134000e-14
5240. 1.163000e-14
5244. 1.143000e-14
5248. 1.174000e-14
5252. 1.141000e-14
5256. 1.121000e-14
5260. 1.175000e-14
5264. 1.115000e-14
5268. 1.077000e-14
5272. 1.113000e-14
5276. 1.128000e-14
5280. 1.121000e-14
5284. 1.174000e-14
5288. 1.162000e-14
5292. 1.113000e-14
5296. 1.099000e-14
5300. 1.124000e-14
5304. 1.158000e-14
5308. 1.150000e-14
5312. 1.162000e-14
5316. 1.169000e-14
5320. 1.167000e-14
5324. 1.118000e-14
5328. 1.100000e-14
5332. 1.134000e-14
5336. 1.119000e-14
5340. 1.099000e-14
5344. 1.107000e-14
5348. 1.172000e-14
5352. 1.138000e-14
5356. 1.180000e-14
5360. 1.102000e-14
5364. 9.522000e-15
5368. 9.585000e-15
5372. 9.643000e-15
5376. 1.014000e-14
5380. 9.491000e-15
5384. 9.790000e-15
5388. 1.049000e-14
5392. 9.207000e-15
5396. 1.138000e-14
5400. 1.103000e-14
5404. 1.109000e-14
5408. 1.122000e-14
5412. 1.124000e-14
5416. 8.285000e-15
5420. 8.242000e-15
5424. 1.131000e-14
5428. 1.106000e-14
5432. 7.283000e-15
5436. 7.621000e-15
5440. 1.204000e-14
5444. 1.196000e-14
5448. 1.178000e-14
5452. 1.134000e-14
5456. 1.095000e-14
5460. 1.102000e-14
5464. 1.111000e-14
5468. 1.172000e-14
5472. 1.118000e-14
5476. 9.221000e-15
5480. 9.002000e-15
5484. 1.142000e-14
5488. 1.125000e-14
5492. 9.058000e-15
5496. 8.488000e-15
5500. 1.062000e-14
5504. 1.100000e-14
5508. 1.124000e-14
5512. 1.180000e-14
5516. 1.186000e-14
5520. 1.218000e-14
5524. 1.169000e-14
5528. 1.173000e-14
5532. 1.200000e-14
5536. 1.143000e-14
5540. 1.150000e-14
5544. 1.142000e-14
5548. 1.179000e-14
5552. 1.183000e-14
5556. 1.078000e-14
5560. 1.117000e-14
5564. 1.200000e-14
5568. 1.150000e-14
5572. 1.084000e-14
5576. 1.188000e-14
5580. 1.116000e-14
5584. 1.113000e-14
5588. 1.075000e-14
5592. 1.075000e-14
5596. 1.040000e-14
5600. 1.110000e-14
5604. 1.184000e-14
5608. 1.134000e-14
5612. 1.159000e-14
5616. 1.161000e-14
5620. 1.126000e-14
5624. 1.103000e-14
5628. 1.130000e-14
5632. 1.118000e-14
5636. 1.042000e-14
5640. 1.141000e-14
5644. 1.075000e-14
5648. 1.138000e-14
5652. 1.170000e-14
5656. 1.173000e-14
5660. 1.146000e-14
5664. 1.089000e-14
5668. 1.129000e-14
5672. 1.228000e-14
5676. 1.161000e-14
5680. 1.104000e-14
5684. 1.144000e-14
5688. 1.106000e-14
5692. 1.122000e-14
5696. 1.161000e-14
5700. 1.133000e-14
5704. 1.112000e-14
5708. 1.084000e-14
5712. 1.032000e-14
5716. 1.072000e-14
5720. 1.179000e-14
5724. 1.151000e-14
5728. 1.200000e-14
5732. 1.184000e-14
5736. 1.142000e-14
5740. 1.069000e-14
5744. 1.195000e-14
5748. 1.198000e-14
5752. 1.186000e-14
5756. 1.173000e-14
5760. 1.107000e-14
5764. 1.076000e-14
5768. 1.076000e-14
5772. 1.106000e-14
5776. 1.165000e-14
5780. 1.240000e-14
5784. 1.151000e-14
5788. 1.040000e-14
5792. 1.141000e-14
5796. 1.151000e-14
5800. 1.188000e-14
5804. 1.227000e-14
5808. 1.149000e-14
5812. 1.173000e-14
5816. 1.120000e-14
5820. 1.076000e-14
5824. 1.114000e-14
5828. 1.099000e-14
5832. 1.147000e-14
5836. 1.108000e-14
5840. 1.155000e-14
5844. 1.087000e-14
5848. 1.120000e-14
5852. 1.171000e-14
5856. 1.087000e-14
5860. 1.095000e-14
5864. 1.112000e-14
5868. 1.172000e-14
5872. 1.240000e-14
5876. 1.358000e-14
5880. 1.300000e-14
5884. 1.129000e-14
5888. 1.068000e-14
5892. 1.025000e-14
5896. 1.056000e-14
5900. 1.059000e-14
5904. 1.059000e-14
5908. 1.128000e-14
5912. 1.126000e-14
5916. 1.165000e-14
5920. 1.146000e-14
5924. 1.091000e-14
5928. 1.034000e-14
5932. 1.076000e-14
5936. 1.135000e-14
5940. 1.186000e-14
5944. 1.154000e-14
5948. 1.179000e-14
5952. 1.105000e-14
5956. 1.108000e-14
5960. 1.138000e-14
5964. 1.145000e-14
5968. 1.256000e-14
5972. 1.129000e-14
5976. 1.157000e-14
5980. 1.100000e-14
5984. 1.196000e-14
5988. 1.112000e-14
5992. 1.146000e-14
5996. 1.093000e-14
6000. 1.105000e-14
6004. 1.064000e-14
6008. 1.088000e-14
6012. 1.081000e-14
6016. 1.103000e-14
6020. 1.089000e-14
6024. 1.028000e-14
6028. 1.084000e-14
6032. 1.130000e-14
6036. 1.135000e-14
6040. 1.084000e-14
6044. 1.194000e-14
6048. 1.219000e-14
6052. 1.182000e-14
6056. 1.157000e-14
6060. 1.100000e-14
6064. 1.123000e-14
6068. 1.194000e-14
6072. 1.207000e-14
6076. 1.126000e-14
6080. 1.065000e-14
6084. 1.121000e-14
6088. 1.027000e-14
6092. 1.061000e-14
6096. 1.068000e-14
6100. 1.117000e-14
6104. 1.176000e-14
6108. 1.265000e-14
6112. 1.240000e-14
6116. 1.218000e-14
6120. 1.197000e-14
6124. 1.081000e-14
6128. 1.023000e-14
6132. 1.097000e-14
6136. 1.187000e-14
6140. 1.124000e-14
6144. 1.122000e-14
6148. 1.111000e-14
6152. 1.019000e-14
6156. 1.066000e-14
6160. 1.076000e-14
6164. 1.112000e-14
6168. 1.111000e-14
6172. 1.030000e-14
6176. 1.181000e-14
6180. 1.134000e-14
6184. 1.186000e-14
6188. 1.112000e-14
6192. 1.047000e-14
6196. 1.020000e-14
6200. 1.033000e-14
6204. 1.160000e-14
6208. 1.219000e-14
6212. 1.150000e-14
6216. 1.111000e-14
6220. 1.125000e-14
6224. 1.047000e-14
6228. 1.132000e-14
6232. 1.053000e-14
6236. 1.018000e-14
6240. 1.061000e-14
6244. 1.162000e-14
6248. 1.045000e-14
6252. 1.024000e-14
6256. 1.114000e-14
6260. 1.095000e-14
6264. 1.171000e-14
6268. 1.114000e-14
6272. 1.257000e-14
6276. 1.172000e-14
6280. 1.143000e-14
6284. 1.164000e-14
6288. 1.180000e-14
6292. 1.134000e-14
6296. 1.248000e-14
6300. 1.266000e-14
6304. 1.248000e-14
6308. 1.078000e-14
6312. 1.080000e-14
6316. 1.127000e-14
6320. 1.148000e-14
6324. 1.023000e-14
6328. 1.054000e-14
6332. 1.074000e-14
6336. 1.119000e-14
6340. 1.232000e-14
6344. 1.237000e-14
6348. 1.298000e-14
6352. 1.213000e-14
6356. 1.278000e-14
6360. 1.258000e-14
6364. 1.287000e-14
6368. 1.230000e-14
6372. 1.184000e-14
6376. 1.065000e-14
6380. 1.140000e-14
6384. 1.162000e-14
6388. 1.123000e-14
6392. 1.125000e-14
6396. 1.115000e-14
6400. 1.205000e-14
6404. 1.078000e-14
6408. 1.128000e-14
6412. 1.156000e-14
6416. 1.162000e-14
6420. 1.131000e-14
6424. 1.080000e-14
6428. 1.201000e-14
6432. 1.115000e-14
6436. 1.082000e-14
6440. 1.080000e-14
6444. 1.095000e-14
6448. 1.097000e-14
6452. 1.128000e-14
6456. 1.097000e-14
6460. 1.076000e-14
6464. 1.122000e-14
6468. 1.146000e-14
6472. 1.161000e-14
6476. 1.145000e-14
6480. 1.126000e-14
6484. 1.152000e-14
6488. 1.123000e-14
6492. 1.111000e-14
6496. 1.093000e-14
6500. 1.113000e-14
6504. 1.143000e-14
6508. 1.127000e-14
6512. 1.171000e-14
6516. 1.174000e-14
6520. 1.213000e-14
6524. 1.205000e-14
6528. 1.165000e-14
6532. 1.194000e-14
6536. 1.241000e-14
6540. 1.578000e-14
6544. 2.063000e-14
6548. 2.333000e-14
6552. 2.996000e-14
6556. 5.253000e-14
6560. 7.768000e-14
6564. 7.113000e-14
6568. 4.594000e-14
6572. 2.735000e-14
6576. 2.886000e-14
6580. 3.933000e-14
6584. 3.906000e-14
6588. 2.595000e-14
6592. 1.623000e-14
6596. 1.322000e-14
6600. 1.249000e-14
6604. 1.212000e-14
6608. 1.143000e-14
6612. 1.117000e-14
6616. 1.111000e-14
6620. 1.101000e-14
6624. 1.114000e-14
6628. 1.126000e-14
6632. 1.218000e-14
6636. 1.213000e-14
6640. 1.176000e-14
6644. 1.135000e-14
6648. 1.122000e-14
6652. 1.106000e-14
6656. 1.135000e-14
6660. 1.152000e-14
6664. 1.042000e-14
6668. 1.041000e-14
6672. 1.024000e-14
6676. 1.045000e-14
6680. 1.114000e-14
6684. 1.140000e-14
6688. 1.102000e-14
6692. 1.077000e-14
6696. 1.183000e-14
6700. 1.171000e-14
6704. 1.228000e-14
6708. 1.446000e-14
6712. 1.775000e-14
6716. 2.070000e-14
6720. 1.975000e-14
6724. 1.776000e-14
6728. 1.729000e-14
6732. 1.816000e-14
6736. 1.492000e-14
6740. 1.151000e-14
6744. 1.060000e-14
6748. 1.107000e-14
6752. 1.112000e-14
6756. 1.091000e-14
6760. 1.079000e-14
6764. 1.107000e-14
6768. 1.088000e-14
6772. 1.154000e-14
6776. 1.159000e-14
6780. 1.102000e-14
6784. 1.103000e-14
6788. 1.083000e-14
6792. 1.037000e-14
6796. 9.938000e-15
6800. 9.824000e-15
6804. 1.029000e-14
6808. 1.113000e-14
6812. 1.104000e-14
6816. 1.084000e-14
6820. 1.096000e-14
6824. 1.089000e-14
6828. 1.059000e-14
6832. 1.015000e-14
6836. 1.011000e-14
6840. 1.033000e-14
6844. 1.061000e-14
6848. 1.035000e-14
6852. 1.091000e-14
6856. 1.070000e-14
6860. 1.060000e-14
6864. 1.021000e-14
6868. 1.065000e-14
6872. 1.166000e-14
6876. 1.155000e-14
6880. 1.175000e-14
6884. 1.200000e-14
6888. 1.155000e-14
6892. 1.119000e-14
6896. 1.104000e-14
6900. 1.049000e-14
6904. 1.043000e-14
6908. 1.065000e-14
6912. 1.081000e-14
6916. 1.011000e-14
6920. 1.041000e-14
6924. 1.076000e-14
6928. 1.079000e-14
6932. 1.152000e-14
6936. 1.192000e-14
6940. 1.186000e-14
6944. 1.098000e-14
6948. 1.086000e-14
6952. 1.092000e-14
6956. 1.057000e-14
6960. 1.093000e-14
6964. 1.103000e-14
6968. 1.132000e-14
6972. 1.131000e-14
6976. 1.060000e-14
6980. 1.028000e-14
6984. 1.036000e-14
6988. 1.030000e-14
6992. 1.073000e-14
6996. 1.110000e-14
7000. 1.091000e-14
7004. 1.084000e-14
7008. 1.124000e-14
7012. 1.159000e-14
7016. 1.186000e-14
7020. 1.193000e-14
7024. 1.103000e-14
7028. 1.099000e-14
7032. 1.184000e-14
7036. 1.029000e-14
7040. 1.011000e-14
7044. 1.067000e-14
7048. 1.047000e-14
7052. 1.098000e-14
7056. 1.111000e-14
7060. 1.025000e-14
7064. 1.033000e-14
7068. 1.081000e-14
7072. 1.045000e-14
7076. 1.035000e-14
7080. 1.041000e-14
7084. 1.032000e-14
7088. 1.065000e-14
7092. 1.063000e-14
7096. 9.950000e-15
7100. 1.032000e-14
7104. 1.007000e-14
7108. 1.074000e-14
7112. 1.272000e-14
7116. 1.232000e-14
7120. 1.148000e-14
7124. 1.140000e-14
7128. 1.066000e-14
7132. 1.112000e-14
7136. 1.192000e-14
7140. 1.094000e-14
7144. 1.014000e-14
7148. 9.016000e-15
7152. 9.559000e-15
7156. 1.029000e-14
7160. 1.079000e-14
7164. 1.090000e-14
7168. 9.706000e-15
7172. 9.444000e-15
7176. 1.060000e-14
7180. 1.095000e-14
7184. 1.075000e-14
7188. 1.172000e-14
7192. 1.195000e-14
7196. 1.038000e-14
7200. 9.219000e-15
7204. 9.114000e-15
7208. 8.866000e-15
7212. 9.207000e-15
7216. 9.017000e-15
7220. 8.944000e-15
7224. 9.376000e-15
7228. 9.794000e-15
7232. 9.736000e-15
7236. 1.042000e-14
7240. 1.074000e-14
7244. 1.073000e-14
7248. 1.070000e-14
7252. 9.981000e-15
7256. 1.041000e-14
7260. 1.013000e-14
7264. 9.490000e-15
7268. 9.581000e-15
7272. 8.932000e-15
7276. 1.048000e-14
7280. 1.134000e-14
7284. 1.138000e-14
7288. 1.085000e-14
7292. 1.075000e-14
7296. 1.042000e-14
7300. 9.693000e-15
7304. 9.543000e-15
7308. 1.063000e-14
7312. 1.067000e-14
7316. 1.107000e-14
7320. 1.260000e-14
7324. 1.209000e-14
7328. 1.125000e-14
7332. 1.172000e-14
7336. 1.201000e-14
7340. 1.047000e-14
7344. 9.143000e-15
7348. 9.575000e-15
7352. 1.103000e-14
7356. 1.085000e-14
7360. 1.062000e-14
7364. 1.098000e-14
7368. 1.117000e-14
7372. 1.165000e-14
7376. 1.113000e-14
7380. 1.002000e-14
7384. 9.050000e-15
7388. 8.671000e-15
7392. 1.082000e-14
7396. 1.071000e-14
7400. 1.170000e-14
7404. 1.138000e-14
7408. 9.074000e-15
7412. 9.733000e-15
7416. 1.053000e-14
7420. 9.499000e-15
7424. 8.144000e-15
7428. 8.559000e-15
7432. 1.076000e-14
7436. 1.161000e-14
7440. 1.222000e-14
7444. 1.322000e-14
7448. 1.160000e-14
7452. 8.508000e-15
7456. 7.970000e-15
7460. 1.071000e-14
7464. 1.041000e-14
7468. 1.050000e-14
7472. 1.121000e-14
7476. 1.125000e-14
7480. 1.054000e-14
7484. 1.056000e-14
7488. 1.086000e-14
7492. 1.149000e-14
7496. 1.108000e-14
7500. 1.121000e-14
7504. 1.115000e-14
7508. 1.114000e-14
7512. 1.133000e-14
7516. 1.109000e-14
7520. 1.161000e-14
7524. 1.191000e-14
7528. 1.195000e-14
7532. 1.094000e-14
7536. 1.142000e-14
7540. 1.227000e-14
7544. 1.283000e-14
7548. 1.203000e-14
7552. 1.120000e-14
7556. 1.107000e-14
7560. 9.592000e-15
7564. 9.771000e-15
7568. 1.059000e-14
7572. 9.654000e-15
7576. 8.210000e-15
7580. 8.993000e-15
7584. 9.061000e-15
7588. 8.801000e-15
7592. 9.354000e-15
7596. 1.008000e-14
7600. 1.071000e-14
7604. 1.161000e-14
7608. 1.192000e-14
7612. 1.073000e-14
7616. 1.021000e-14
7620. 1.049000e-14
7624. 1.090000e-14
7628. 1.101000e-14
7632. 8.585000e-15
7636. 6.355000e-15
7640. 6.907000e-15
7644. 1.071000e-14
7648. 1.074000e-14
7652. 9.874000e-15
7656. 1.030000e-14
7660. 1.045000e-14
7664. 1.030000e-14
7668. 9.913000e-15
7672. 1.044000e-14
7676. 1.050000e-14
7680. 1.000000e-14
7684. 9.870000e-15
7688. 1.120000e-14
7692. 1.114000e-14
7696. 1.025000e-14
7700. 9.558000e-15
7704. 1.053000e-14
7708. 9.391000e-15
7712. 9.965000e-15
7716. 9.441000e-15
7720. 1.069000e-14
7724. 1.030000e-14
7728. 1.035000e-14
7732. 1.006000e-14
7736. 1.070000e-14
7740. 1.115000e-14
7744. 1.075000e-14
7748. 1.013000e-14
7752. 1.023000e-14
7756. 1.046000e-14
7760. 1.111000e-14
7764. 1.080000e-14
7768. 9.293000e-15
7772. 9.706000e-15
7776. 1.043000e-14
7780. 9.467000e-15
7784. 9.915000e-15
7788. 1.135000e-14
7792. 1.008000e-14
7796. 1.030000e-14
7800. 1.047000e-14
7804. 9.719000e-15
7808. 1.051000e-14
7812. 1.131000e-14
7816. 1.015000e-14
7820. 1.027000e-14
7824. 1.056000e-14
7828. 9.782000e-15
7832. 9.513000e-15
7836. 1.029000e-14
7840. 1.010000e-14
7844. 9.346000e-15
7848. 9.843000e-15
7852. 1.071000e-14
7856. 9.636000e-15
7860. 9.617000e-15
7864. 9.609000e-15
7868. 9.989000e-15
7872. 9.873000e-15
7876. 1.036000e-14
7880. 9.615000e-15
7884. 9.727000e-15
7888. 1.097000e-14
7892. 1.016000e-14
7896. 9.783000e-15
7900. 1.091000e-14
7904. 9.486000e-15
7908. 9.638000e-15
7912. 1.054000e-14
7916. 9.574000e-15
7920. 9.835000e-15
7924. 9.498000e-15
7928. 9.780000e-15
7932. 9.434000e-15
7936. 9.795000e-15
7940. 9.719000e-15
7944. 8.604000e-15
7948. 9.676000e-15
7952. 9.287000e-15
7956. 9.171000e-15
7960. 1.146000e-14
7964. 1.079000e-14
7968. 9.684000e-15
7972. 9.977000e-15
7976. 9.289000e-15
7980. 1.002000e-14
7984. 1.048000e-14
7988. 1.016000e-14
7992. 1.045000e-14
7996. 1.032000e-14
8000. 9.613000e-15
8004. 9.761000e-15
8008. 1.024000e-14
8012. 9.927000e-15
8016. 1.017000e-14
8020. 1.025000e-14
8024. 9.067000e-15
8028. 9.684000e-15
8032. 1.073000e-14
8036. 1.062000e-14
8040. 1.016000e-14
8044. 9.802000e-15
8048. 9.545000e-15
8052. 9.215000e-15
8056. 1.032000e-14
8060. 1.010000e-14
8064. 9.626000e-15
8068. 9.365000e-15
8072. 1.017000e-14
8076. 9.506000e-15
8080. 9.616000e-15
8084. 1.030000e-14
8088. 1.030000e-14
8092. 9.414000e-15
8096. 9.672000e-15
8100. 9.598000e-15
8104. 8.718000e-15
8108. 9.851000e-15
8112. 1.134000e-14
8116. 1.043000e-14
8120. 1.007000e-14
8124. 9.725000e-15
8128. 9.793000e-15
8132. 9.726000e-15
8136. 9.955000e-15
8140. 1.031000e-14
8144. 9.790000e-15
8148. 9.604000e-15
8152. 9.657000e-15
8156. 1.005000e-14
8160. 1.030000e-14
8164. 1.030000e-14
8168. 1.068000e-14
8172. 1.036000e-14
8176. 9.920000e-15
8180. 1.038000e-14
8184. 1.009000e-14
8188. 1.052000e-14
8192. 1.011000e-14
8196. 9.036000e-15
8200. 8.892000e-15
8204. 9.108000e-15
8208. 9.434000e-15
8212. 9.716000e-15
8216. 9.908000e-15
8220. 9.843000e-15
8224. 9.954000e-15
8228. 9.869000e-15
8232. 9.776000e-15
8236. 9.927000e-15
8240. 9.794000e-15
8244. 9.298000e-15
8248. 9.043000e-15
8252. 9.628000e-15
8256. 9.336000e-15
8260. 9.359000e-15
8264. 9.477000e-15
8268. 9.783000e-15
8272. 9.984000e-15
8276. 9.678000e-15
8280. 9.645000e-15
8284. 9.636000e-15
8288. 9.593000e-15
8292. 9.673000e-15
8296. 9.287000e-15
8300. 9.661000e-15
8304. 9.530000e-15
8308. 9.196000e-15
8312. 9.066000e-15
8316. 8.913000e-15
8320. 9.430000e-15
8324. 9.490000e-15
8328. 9.684000e-15
8332. 9.643000e-15
8336. 9.581000e-15
8340. 9.355000e-15
8344. 9.264000e-15
8348. 9.156000e-15
8352. 9.054000e-15
8356. 8.982000e-15
8360. 9.291000e-15
8364. 9.741000e-15
8368. 9.683000e-15
8372. 9.589000e-15
8376. 9.131000e-15
8380. 8.921000e-15
8384. 9.128000e-15
8388. 9.171000e-15
8392. 9.247000e-15
8396. 9.680000e-15
8400. 9.847000e-15
8404. 9.597000e-15
8408. 9.624000e-15
8412. 9.729000e-15
8416. 9.317000e-15
8420. 9.486000e-15
8424. 9.700000e-15
8428. 9.606000e-15
8432. 9.623000e-15
8436. 9.635000e-15
8440. 9.416000e-15
8444. 9.325000e-15
8448. 9.753000e-15
8452. 9.410000e-15
8456. 9.552000e-15
8460. 9.317000e-15
8464. 9.439000e-15
8468. 9.116000e-15
8472. 9.290000e-15
8476. 9.207000e-15
8480. 9.452000e-15
8484. 9.581000e-15
8488. 9.266000e-15
8492. 9.477000e-15
8496. 8.930000e-15
8500. 8.322000e-15
8504. 8.663000e-15
8508. 9.112000e-15
8512. 9.414000e-15
8516. 9.253000e-15
8520. 9.090000e-15
8524. 9.168000e-15
8528. 9.063000e-15
8532. 8.813000e-15
8536. 8.562000e-15
8540. 8.057000e-15
8544. 7.629000e-15
8548. 8.159000e-15
8552. 8.809000e-15
8556. 9.139000e-15
8560. 9.294000e-15
8564. 9.632000e-15
8568. 9.655000e-15
8572. 9.419000e-15
8576. 9.539000e-15
8580. 9.649000e-15
8584. 9.846000e-15
8588. 9.924000e-15
8592. 9.677000e-15
8596. 9.775000e-15
8600. 9.818000e-15
8604. 9.745000e-15
8608. 9.351000e-15
8612. 8.978000e-15
8616. 9.264000e-15
8620. 9.243000e-15
8624. 9.676000e-15
8628. 9.510000e-15
8632. 9.286000e-15
8636. 9.514000e-15
8640. 9.499000e-15
8644. 9.581000e-15
8648. 9.467000e-15
8652. 9.549000e-15
8656. 9.601000e-15
8660. 8.731000e-15
8664. 8.383000e-15
8668. 8.213000e-15
8672. 8.189000e-15
8676. 9.037000e-15
8680. 9.058000e-15
8684. 9.336000e-15
8688. 9.237000e-15
8692. 9.464000e-15
8696. 9.488000e-15
8700. 1.004000e-14
8704. 9.578000e-15
8708. 9.092000e-15
8712. 9.651000e-15
8716. 9.661000e-15
8720. 9.518000e-15
8724. 9.236000e-15
8728. 9.205000e-15
8732. 9.590000e-15
8736. 9.430000e-15
8740. 9.202000e-15
8744. 9.374000e-15
8748. 9.486000e-15
8752. 9.721000e-15
8756. 9.657000e-15
8760. 9.378000e-15
8764. 9.028000e-15
8768. 9.657000e-15
8772. 9.186000e-15
8776. 8.873000e-15
8780. 9.359000e-15
8784. 9.632000e-15
8788. 9.604000e-15
8792. 9.646000e-15
8796. 9.425000e-15
8800. 9.180000e-15
8804. 9.381000e-15
8808. 9.186000e-15
8812. 9.601000e-15
8816. 9.894000e-15
8820. 9.985000e-15
8824. 9.626000e-15
8828. 9.524000e-15
8832. 9.283000e-15
8836. 9.650000e-15
8840. 9.207000e-15
8844. 8.845000e-15
8848. 9.319000e-15
8852. 1.016000e-14
8856. 9.788000e-15
8860. 9.105000e-15
8864. 9.186000e-15
8868. 8.942000e-15
8872. 9.017000e-15
8876. 9.194000e-15
8880. 8.790000e-15
8884. 8.712000e-15
8888. 9.061000e-15
8892. 9.386000e-15
8896. 8.998000e-15
8900. 8.779000e-15
8904. 8.665000e-15
8908. 9.528000e-15
8912. 9.367000e-15
8916. 9.616000e-15
8920. 9.657000e-15
8924. 9.419000e-15
8928. 9.153000e-15
8932. 9.351000e-15
8936. 9.427000e-15
8940. 8.948000e-15
8944. 8.697000e-15
8948. 8.527000e-15
8952. 8.906000e-15
8956. 8.932000e-15
8960. 8.504000e-15
8964. 9.164000e-15
8968. 9.662000e-15
8972. 9.477000e-15
8976. 9.191000e-15
8980. 8.892000e-15
8984. 8.960000e-15
8988. 9.074000e-15
8992. 9.149000e-15
8996. 9.210000e-15
9000. 8.813000e-15
9004. 8.747000e-15
9008. 8.843000e-15
9012. 8.944000e-15
9016. 9.301000e-15
9020. 8.902000e-15
9024. 8.705000e-15
9028. 8.655000e-15
9032. 8.842000e-15
9036. 9.306000e-15
9040. 9.090000e-15
9044. 9.095000e-15
9048. 9.211000e-15
9052. 9.300000e-15
9056. 9.645000e-15
9060. 1.092000e-14
9064. 1.468000e-14
9068. 2.192000e-14
9072. 2.230000e-14
9076. 1.337000e-14
9080. 1.017000e-14
9084. 9.029000e-15
9088. 9.186000e-15
9092. 8.866000e-15
9096. 8.822000e-15
9100. 8.930000e-15
9104. 8.834000e-15
9108. 8.922000e-15
9112. 9.023000e-15
9116. 8.653000e-15
9120. 8.489000e-15
9124. 9.301000e-15
9128. 9.806000e-15
9132. 9.821000e-15
9136. 9.196000e-15
9140. 8.516000e-15
9144. 8.824000e-15
9148. 7.901000e-15
9152. 8.627000e-15
9156. 8.106000e-15
9160. 8.057000e-15
9164. 8.364000e-15
9168. 8.420000e-15
9172. 8.098000e-15
9176. 8.414000e-15
9180. 7.789000e-15
9184. 8.348000e-15
9188. 8.784000e-15
9192. 9.490000e-15
9196. 9.803000e-15
9200. 8.638000e-15
9204. 7.401000e-15
9208. 6.903000e-15
9212. 7.561000e-15
9216. 8.033000e-15
9220. 8.229000e-15
9224. 8.402000e-15
9228. 8.699000e-15
9232. 9.023000e-15
9236. 8.497000e-15
9240. 9.829000e-15
9244. 9.315000e-15
9248. 7.521000e-15
9252. 7.576000e-15
9256. 7.927000e-15
9260. 8.391000e-15
9264. 7.504000e-15
9268. 8.384000e-15
9272. 7.533000e-15
9276. 8.891000e-15
9280. 9.073000e-15
9284. 9.662000e-15
9288. 8.014000e-15
9292. 8.216000e-15
9296. 9.124000e-15
9300. 1.010000e-14
9304. 1.142000e-14
9308. 8.246000e-15
9312. 7.219000e-15
9316. 6.271000e-15
9320. 7.627000e-15
9324. 8.672000e-15
9328. 8.604000e-15
9332. 8.794000e-15
9336. 8.004000e-15
9340. 8.094000e-15
9344. 8.075000e-15
9348. 8.227000e-15
9352. 8.011000e-15
9356. 8.274000e-15
9360. 8.016000e-15
9364. 9.642000e-15
9368. 9.501000e-15
9372. 8.240000e-15
9376. 7.648000e-15
9380. 8.445000e-15
9384. 8.648000e-15
9388. 8.410000e-15
9392. 8.079000e-15
9396. 7.905000e-15
9400. 7.750000e-15
9404. 8.162000e-15
9408. 7.902000e-15
9412. 6.852000e-15
9416. 6.370000e-15
9420. 7.301000e-15
9424. 7.977000e-15
9428. 8.941000e-15
9432. 9.275000e-15
9436. 8.626000e-15
9440. 8.424000e-15
9444. 8.083000e-15
9448. 8.263000e-15
9452. 7.986000e-15
9456. 7.390000e-15
9460. 7.692000e-15
9464. 8.140000e-15
9468. 8.509000e-15
9472. 8.652000e-15
9476. 8.261000e-15
9480. 8.823000e-15
9484. 8.530000e-15
9488. 8.881000e-15
9492. 8.678000e-15
9496. 8.839000e-15
9500. 8.183000e-15
9504. 7.879000e-15
9508. 8.242000e-15
9512. 8.769000e-15
9516. 9.452000e-15
9520. 1.023000e-14
9524. 1.540000e-14
9528. 3.202000e-14
9532. 4.742000e-14
9536. 3.284000e-14
9540. 1.302000e-14
9544. 9.230000e-15
9548. 9.791000e-15
9552. 9.873000e-15
9556. 8.687000e-15
9560. 8.357000e-15
9564. 8.394000e-15
9568. 8.122000e-15
9572. 8.327000e-15
9576. 8.766000e-15
9580. 9.248000e-15
9584. 9.116000e-15
9588. 8.839000e-15
9592. 9.207000e-15
9596. 9.495000e-15
9600. 9.331000e-15
9604. 9.017000e-15
9608. 8.418000e-15
9612. 7.974000e-15
9616. 6.793000e-15
9620. 7.731000e-15
9624. 7.776000e-15
9628. 8.409000e-15
9632. 8.888000e-15
9636. 8.307000e-15
9640. 8.011000e-15
9644. 8.077000e-15
9648. 7.897000e-15
9652. 7.616000e-15
9656. 9.119000e-15
9660. 8.125000e-15
9664. 8.869000e-15
9668. 9.703000e-15
9672. 8.656000e-15
9676. 7.927000e-15
9680. 9.198000e-15
9684. 9.862000e-15
9688. 8.940000e-15
9692. 9.099000e-15
9696. 6.415000e-15
9700. 7.457000e-15
9704. 8.500000e-15
9708. 1.011000e-14
9712. 1.100000e-14
9716. 6.910000e-15
9720. 8.596000e-15
9724. 1.011000e-14
9728. 1.048000e-14
9732. 6.178000e-15
9736. 6.264000e-15
9740. 6.846000e-15
9744. 8.593000e-15
9748. 7.883000e-15
9752. 9.874000e-15
9756. 1.036000e-14
9760. 1.187000e-14
9764. 1.006000e-14
9768. 7.427000e-15
9772. 7.738000e-15
9776. 6.669000e-15
9780. 7.840000e-15
9784. 7.650000e-15
9788. 7.034000e-15
9792. 7.593000e-15
9796. 9.422000e-15
9800. 9.669000e-15
9804. 9.407000e-15
9808. 1.040000e-14
9812. 7.187000e-15
9816. 1.057000e-14
9820. 1.126000e-14
9824. 1.208000e-14
9828. 1.220000e-14
9832. 1.121000e-14
9836. 1.116000e-14
9840. 1.256000e-14
9844. 1.092000e-14
9848. 1.162000e-14
9852. 1.081000e-14
9856. 1.041000e-14
9860. 1.215000e-14
9864. 1.139000e-14
9868. 1.165000e-14
9872. 1.286000e-14
9876. 1.293000e-14
9880. 1.234000e-14
9884. 1.076000e-14
9888. 1.092000e-14
9892. 1.098000e-14
9896. 1.205000e-14
9900. 1.143000e-14
9904. 1.069000e-14
9908. 1.083000e-14
9912. 1.100000e-14
9916. 1.106000e-14
9920. 1.148000e-14
9924. 1.113000e-14
9928. 1.266000e-14
9932. 0.
9936. 0.
9940. 0.
9944. 0.
9948. 0.
9952. 0.
9956. 0.
9960. 0.
9964. 0.
9968. 0.
9972. 0.
9976. 0.
9980. 0.
9984. 0.
9988. 0.
9992. 0.
9996. 0.
10000. 0.
