1100. 0.
1104. 0.
1108. 0.
1112. 0.
1116. 0.
1120. 0.
1124. 0.
1128. 0.
1132. 0.
1136. 0.
1140. 0.
1144. 0.
1148. 0.
1152. 0.
1156. 0.
1160. 0.
1164. 0.
1168. 0.
1172. 0.
1176. 0.
1180. 0.
1184. 0.
1188. 0.
1192. 0.
1196. 0.
1200. 0.
1204. 0.
1208. 0.
1212. 0.
1216. 0.
1220. 0.
1224. 0.
1228. 0.
1232. 2.018000e-14
1236. 2.006000e-14
1240. 2.298000e-14
1244. 2.706000e-14
1248. 2.557000e-14
1252. 2.328000e-14
1256. 1.701000e-14
1260. 2.052000e-14
1264. 2.868000e-14
1268. 3.069000e-14
1272. 3.543000e-14
1276. 3.210000e-14
1280. 3.115000e-14
1284. 3.405000e-14
1288. 2.990000e-14
1292. 2.901000e-14
1296. 1.936000e-14
1300. 1.660000e-14
1304. 2.170000e-14
1308. 2.859000e-14
1312. 2.958000e-14
1316. 2.924000e-14
1320. 3.004000e-14
1324. 2.945000e-14
1328. 2.279000e-14
1332. 1.751000e-14
1336. 2.049000e-14
1340. 2.948000e-14
1344. 2.968000e-14
1348. 3.053000e-14
1352. 3.071000e-14
1356. 3.058000e-14
1360. 2.999000e-14
1364. 2.945000e-14
1368. 3.016000e-14
1372. 3.057000e-14
1376. 2.758000e-14
1380. 2.305000e-14
1384. 2.149000e-14
1388. 1.582000e-14
1392. 1.537000e-14
1396. 1.583000e-14
1400. 2.168000e-14
1404. 2.710000e-14
1408. 2.919000e-14
1412. 2.983000e-14
1416. 2.546000e-14
1420. 2.857000e-14
1424. 2.586000e-14
1428. 2.676000e-14
1432. 2.504000e-14
1436. 2.337000e-14
1440. 2.921000e-14
1444. 2.855000e-14
1448. 2.672000e-14
1452. 2.765000e-14
1456. 2.778000e-14
1460. 3.191000e-14
1464. 3.119000e-14
1468. 2.922000e-14
1472. 3.012000e-14
1476. 3.102000e-14
1480. 3.259000e-14
1484. 3.379000e-14
1488. 3.643000e-14
1492. 3.500000e-14
1496. 3.159000e-14
1500. 2.881000e-14
1504. 2.926000e-14
1508. 2.752000e-14
1512. 3.082000e-14
1516. 2.815000e-14
1520. 2.739000e-14
1524. 2.481000e-14
1528. 2.412000e-14
1532. 2.299000e-14
1536. 1.929000e-14
1540. 1.493000e-14
1544. 9.778000e-15
1548. 9.341000e-15
1552. 2.107000e-14
1556. 2.607000e-14
1560. 2.750000e-14
1564. 2.234000e-14
1568. 2.298000e-14
1572. 3.020000e-14
1576. 2.821000e-14
1580. 2.595000e-14
1584. 2.698000e-14
1588. 2.619000e-14
1592. 2.728000e-14
1596. 2.337000e-14
1600. 2.175000e-14
1604. 1.942000e-14
1608. 1.955000e-14
1612. 2.020000e-14
1616. 2.075000e-14
1620. 2.565000e-14
1624. 2.376000e-14
1628. 2.634000e-14
1632. 2.626000e-14
1636. 2.647000e-14
1640. 2.682000e-14
1644. 2.946000e-14
1648. 3.291000e-14
1652. 3.069000e-14
1656. 3.014000e-14
1660. 2.619000e-14
1664. 2.271000e-14
1668. 1.912000e-14
1672. 2.286000e-14
1676. 2.948000e-14
1680. 2.905000e-14
1684. 3.315000e-14
1688. 3.043000e-14
1692. 2.969000e-14
1696. 2.880000e-14
1700. 2.656000e-14
1704. 2.842000e-14
1708. 2.601000e-14
1712. 2.659000e-14
1716. 2.584000e-14
1720. 2.645000e-14
1724. 2.659000e-14
1728. 3.078000e-14
1732. 2.990000e-14
1736. 3.223000e-14
1740. 3.258000e-14
1744. 3.293000e-14
1748. 3.155000e-14
1752. 3.162000e-14
1756. 3.318000e-14
1760. 3.237000e-14
1764. 3.093000e-14
1768. 3.146000e-14
1772. 2.980000e-14
1776. 3.072000e-14
1780. 3.201000e-14
1784. 3.127000e-14
1788. 3.102000e-14
1792. 2.865000e-14
1796. 3.209000e-14
1800. 3.219000e-14
1804. 3.153000e-14
1808. 3.236000e-14
1812. 3.329000e-14
1816. 3.289000e-14
1820. 3.265000e-14
1824. 3.142000e-14
1828. 3.077000e-14
1832. 3.358000e-14
1836. 3.232000e-14
1840. 3.144000e-14
1844. 2.709000e-14
1848. 2.381000e-14
1852. 2.413000e-14
1856. 2.569000e-14
1860. 2.566000e-14
1864. 2.945000e-14
1868. 3.165000e-14
1872. 3.122000e-14
1876. 3.092000e-14
1880. 2.978000e-14
1884. 2.852000e-14
1888. 2.676000e-14
1892. 2.578000e-14
1896. 2.630000e-14
1900. 2.645000e-14
1904. 2.922000e-14
1908. 2.948000e-14
1912. 2.802000e-14
1916. 2.558000e-14
1920. 2.549000e-14
1924. 2.590000e-14
1928. 2.542000e-14
1932. 2.615000e-14
1936. 2.853000e-14
1940. 2.813000e-14
1944. 2.813000e-14
1948. 2.952000e-14
1952. 2.797000e-14
1956. 2.607000e-14
1960. 2.433000e-14
1964. 2.632000e-14
1968. 2.590000e-14
1972. 2.736000e-14
1976. 6.218000e-14
1980. 4.597000e-14
1984. 3.834000e-14
1988. 3.990000e-15
1992. 3.470000e-14
1996. 3.164000e-14
2000. 2.200000e-14
2004. 1.862000e-14
2008. 2.508000e-14
2012. 1.880000e-14
2016. 3.182000e-14
2020. 3.540000e-14
2024. 2.860000e-14
2028. 2.489000e-14
2032. 2.658000e-14
2036. 3.300000e-14
2040. 2.437000e-14
2044. 3.151000e-14
2048. 2.321000e-14
2052. 2.330000e-14
2056. 2.608000e-14
2060. 2.999000e-14
2064. 3.268000e-14
2068. 2.860000e-14
2072. 3.211000e-14
2076. 3.110000e-14
2080. 3.341000e-14
2084. 2.791000e-14
2088. 2.419000e-14
2092. 2.682000e-14
2096. 2.811000e-14
2100. 2.025000e-14
2104. 2.729000e-14
2108. 2.709000e-14
2112. 3.560000e-14
2116. 3.050000e-14
2120. 3.370000e-14
2124. 2.938000e-14
2128. 3.380000e-14
2132. 2.876000e-14
2136. 2.653000e-14
2140. 1.988000e-14
2144. 3.172000e-14
2148. 2.956000e-14
2152. 3.299000e-14
2156. 2.480000e-14
2160. 3.363000e-14
2164. 2.417000e-14
2168. 2.381000e-14
2172. 2.164000e-14
2176. 2.755000e-14
2180. 2.711000e-14
2184. 2.752000e-14
2188. 2.665000e-14
2192. 3.393000e-14
2196. 1.182000e-14
2200. 2.792000e-14
2204. 2.847000e-14
2208. 2.736000e-14
2212. 2.438000e-14
2216. 2.777000e-14
2220. 1.918000e-14
2224. 2.593000e-14
2228. 2.480000e-14
2232. 2.657000e-14
2236. 3.003000e-14
2240. 2.892000e-14
2244. 3.208000e-14
2248. 2.819000e-14
2252. 3.207000e-14
2256. 3.049000e-14
2260. 2.695000e-14
2264. 1.834000e-14
2268. 3.027000e-14
2272. 2.919000e-14
2276. 2.268000e-14
2280. 2.709000e-14
2284. 3.402000e-14
2288. 2.376000e-14
2292. 2.910000e-14
2296. 3.344000e-14
2300. 2.591000e-14
2304. 2.277000e-14
2308. 2.608000e-14
2312. 2.790000e-14
2316. 2.704000e-14
2320. 2.839000e-14
2324. 3.086000e-14
2328. 2.503000e-14
2332. 2.695000e-14
2336. 2.286000e-14
2340. 2.263000e-14
2344. 1.928000e-14
2348. 2.108000e-14
2352. 1.836000e-14
2356. 1.894000e-14
2360. 3.263000e-14
2364. 2.311000e-14
2368. 2.297000e-14
2372. 2.172000e-14
2376. 2.181000e-14
2380. 1.568000e-14
2384. 2.108000e-14
2388. 1.916000e-14
2392. 2.189000e-14
2396. 3.004000e-14
2400. 2.173000e-14
2404. 2.430000e-14
2408. 2.341000e-14
2412. 2.319000e-14
2416. 2.735000e-14
2420. 2.633000e-14
2424. 2.975000e-14
2428. 2.717000e-14
2432. 2.687000e-14
2436. 2.925000e-14
2440. 2.419000e-14
2444. 3.041000e-14
2448. 2.313000e-14
2452. 2.762000e-14
2456. 2.992000e-14
2460. 2.378000e-14
2464. 2.764000e-14
2468. 2.672000e-14
2472. 2.807000e-14
2476. 2.657000e-14
2480. 2.245000e-14
2484. 2.735000e-14
2488. 2.533000e-14
2492. 2.448000e-14
2496. 2.341000e-14
2500. 2.240000e-14
2504. 2.717000e-14
2508. 2.535000e-14
2512. 2.434000e-14
2516. 2.685000e-14
2520. 2.789000e-14
2524. 2.554000e-14
2528. 2.549000e-14
2532. 2.372000e-14
2536. 2.073000e-14
2540. 2.423000e-14
2544. 2.157000e-14
2548. 2.161000e-14
2552. 2.322000e-14
2556. 2.462000e-14
2560. 2.526000e-14
2564. 2.639000e-14
2568. 2.644000e-14
2572. 2.289000e-14
2576. 2.563000e-14
2580. 2.369000e-14
2584. 2.245000e-14
2588. 1.911000e-14
2592. 1.812000e-14
2596. 2.012000e-14
2600. 1.702000e-14
2604. 2.035000e-14
2608. 2.067000e-14
2612. 2.516000e-14
2616. 2.292000e-14
2620. 2.525000e-14
2624. 2.546000e-14
2628. 2.544000e-14
2632. 2.589000e-14
2636. 2.562000e-14
2640. 2.416000e-14
2644. 2.567000e-14
2648. 2.582000e-14
2652. 2.556000e-14
2656. 2.551000e-14
2660. 2.359000e-14
2664. 2.290000e-14
2668. 2.531000e-14
2672. 2.505000e-14
2676. 2.487000e-14
2680. 2.508000e-14
2684. 2.356000e-14
2688. 2.414000e-14
2692. 2.317000e-14
2696. 2.480000e-14
2700. 2.347000e-14
2704. 2.754000e-14
2708. 2.998000e-14
2712. 3.101000e-14
2716. 2.758000e-14
2720. 2.648000e-14
2724. 2.618000e-14
2728. 2.397000e-14
2732. 2.644000e-14
2736. 2.578000e-14
2740. 2.238000e-14
2744. 2.174000e-14
2748. 2.148000e-14
2752. 2.257000e-14
2756. 2.030000e-14
2760. 2.317000e-14
2764. 2.412000e-14
2768. 2.534000e-14
2772. 2.417000e-14
2776. 2.394000e-14
2780. 2.537000e-14
2784. 2.195000e-14
2788. 1.940000e-14
2792. 1.762000e-14
2796. 1.552000e-14
2800. 1.460000e-14
2804. 1.390000e-14
2808. 1.784000e-14
2812. 1.900000e-14
2816. 2.152000e-14
2820. 2.224000e-14
2824. 2.222000e-14
2828. 2.039000e-14
2832. 2.347000e-14
2836. 2.279000e-14
2840. 2.354000e-14
2844. 2.437000e-14
2848. 2.398000e-14
2852. 2.134000e-14
2856. 2.348000e-14
2860. 2.390000e-14
2864. 2.359000e-14
2868. 2.402000e-14
2872. 2.240000e-14
2876. 2.274000e-14
2880. 2.405000e-14
2884. 2.343000e-14
2888. 2.192000e-14
2892. 2.261000e-14
2896. 2.379000e-14
2900. 2.308000e-14
2904. 2.442000e-14
2908. 2.514000e-14
2912. 2.405000e-14
2916. 2.525000e-14
2920. 2.651000e-14
2924. 2.486000e-14
2928. 2.628000e-14
2932. 2.462000e-14
2936. 2.100000e-14
2940. 2.390000e-14
2944. 2.496000e-14
2948. 2.433000e-14
2952. 2.306000e-14
2956. 2.574000e-14
2960. 2.472000e-14
2964. 2.434000e-14
2968. 2.425000e-14
2972. 2.550000e-14
2976. 2.899000e-14
2980. 2.958000e-14
2984. 2.621000e-14
2988. 2.382000e-14
2992. 2.550000e-14
2996. 2.679000e-14
3000. 2.643000e-14
3004. 2.846000e-14
3008. 2.702000e-14
3012. 2.543000e-14
3016. 2.519000e-14
3020. 2.528000e-14
3024. 2.386000e-14
3028. 2.493000e-14
3032. 2.546000e-14
3036. 2.165000e-14
3040. 2.144000e-14
3044. 2.316000e-14
3048. 2.527000e-14
3052. 2.742000e-14
3056. 3.528000e-14
3060. 3.290000e-14
3064. 2.741000e-14
3068. 2.554000e-14
3072. 2.643000e-14
3076. 2.292000e-14
3080. 2.645000e-14
3084. 2.297000e-14
3088. 2.188000e-14
3092. 2.244000e-14
3096. 1.875000e-14
3100. 2.378000e-14
3104. 2.876000e-14
3108. 2.940000e-14
3112. 2.734000e-14
3116. 2.373000e-14
3120. 1.859000e-14
3124. 2.381000e-14
3128. 2.907000e-14
3132. 3.078000e-14
3136. 2.830000e-14
3140. 1.715000e-14
3144. 2.655000e-14
3148. 2.094000e-14
3152. 2.228000e-14
3156. 2.177000e-14
3160. 1.859000e-14
3164. 1.993000e-14
3168. 1.907000e-14
3172. 2.534000e-14
3176. 3.027000e-14
3180. 2.422000e-14
3184. 1.818000e-14
3188. 1.921000e-14
3192. 2.664000e-14
3196. 2.407000e-14
3200. 2.699000e-14
3204. 2.451000e-14
3208. 2.692000e-14
3212. 2.499000e-14
3216. 2.473000e-14
3220. 2.894000e-14
3224. 2.783000e-14
3228. 2.690000e-14
3232. 2.739000e-14
3236. 2.614000e-14
3240. 2.659000e-14
3244. 2.868000e-14
3248. 2.631000e-14
3252. 2.493000e-14
3256. 2.738000e-14
3260. 2.765000e-14
3264. 2.622000e-14
3268. 2.707000e-14
3272. 2.616000e-14
3276. 2.600000e-14
3280. 2.566000e-14
3284. 2.741000e-14
3288. 2.621000e-14
3292. 2.755000e-14
3296. 2.432000e-14
3300. 2.905000e-14
3304. 3.012000e-14
3308. 2.756000e-14
3312. 2.603000e-14
3316. 2.690000e-14
3320. 2.661000e-14
3324. 2.561000e-14
3328. 2.246000e-14
3332. 2.535000e-14
3336. 2.437000e-14
3340. 2.795000e-14
3344. 2.650000e-14
3348. 2.605000e-14
3352. 2.604000e-14
3356. 2.455000e-14
3360. 2.300000e-14
3364. 2.489000e-14
3368. 2.611000e-14
3372. 2.534000e-14
3376. 2.593000e-14
3380. 2.779000e-14
3384. 2.417000e-14
3388. 2.274000e-14
3392. 2.477000e-14
3396. 2.517000e-14
3400. 2.588000e-14
3404. 2.781000e-14
3408. 2.512000e-14
3412. 2.448000e-14
3416. 2.406000e-14
3420. 2.431000e-14
3424. 2.541000e-14
3428. 2.286000e-14
3432. 2.450000e-14
3436. 2.536000e-14
3440. 2.406000e-14
3444. 2.363000e-14
3448. 2.483000e-14
3452. 2.617000e-14
3456. 2.462000e-14
3460. 2.438000e-14
3464. 2.476000e-14
3468. 2.493000e-14
3472. 2.296000e-14
3476. 2.221000e-14
3480. 2.413000e-14
3484. 2.360000e-14
3488. 2.279000e-14
3492. 2.389000e-14
3496. 2.441000e-14
3500. 2.351000e-14
3504. 2.448000e-14
3508. 2.596000e-14
3512. 2.474000e-14
3516. 2.368000e-14
3520. 2.419000e-14
3524. 2.428000e-14
3528. 2.269000e-14
3532. 2.396000e-14
3536. 2.534000e-14
3540. 2.468000e-14
3544. 2.422000e-14
3548. 2.525000e-14
3552. 2.502000e-14
3556. 2.467000e-14
3560. 2.539000e-14
3564. 2.541000e-14
3568. 2.363000e-14
3572. 2.297000e-14
3576. 2.252000e-14
3580. 2.202000e-14
3584. 2.193000e-14
3588. 2.253000e-14
3592. 2.274000e-14
3596. 2.323000e-14
3600. 2.423000e-14
3604. 2.437000e-14
3608. 2.378000e-14
3612. 2.443000e-14
3616. 2.481000e-14
3620. 2.343000e-14
3624. 2.464000e-14
3628. 2.393000e-14
3632. 2.360000e-14
3636. 2.592000e-14
3640. 2.649000e-14
3644. 2.452000e-14
3648. 2.513000e-14
3652. 2.490000e-14
3656. 2.457000e-14
3660. 2.587000e-14
3664. 2.452000e-14
3668. 2.549000e-14
3672. 2.554000e-14
3676. 2.451000e-14
3680. 2.429000e-14
3684. 2.362000e-14
3688. 2.296000e-14
3692. 2.351000e-14
3696. 2.445000e-14
3700. 2.439000e-14
3704. 2.329000e-14
3708. 2.442000e-14
3712. 2.473000e-14
3716. 2.654000e-14
3720. 3.056000e-14
3724. 4.344000e-14
3728. 5.714000e-14
3732. 5.502000e-14
3736. 4.031000e-14
3740. 2.912000e-14
3744. 2.654000e-14
3748. 2.495000e-14
3752. 2.516000e-14
3756. 2.686000e-14
3760. 2.866000e-14
3764. 2.880000e-14
3768. 2.727000e-14
3772. 2.528000e-14
3776. 2.618000e-14
3780. 2.877000e-14
3784. 3.166000e-14
3788. 3.254000e-14
3792. 2.961000e-14
3796. 2.630000e-14
3800. 2.596000e-14
3804. 2.692000e-14
3808. 2.996000e-14
3812. 3.175000e-14
3816. 3.220000e-14
3820. 3.195000e-14
3824. 3.094000e-14
3828. 2.798000e-14
3832. 2.588000e-14
3836. 2.500000e-14
3840. 2.563000e-14
3844. 2.807000e-14
3848. 2.970000e-14
3852. 3.188000e-14
3856. 3.234000e-14
3860. 3.227000e-14
3864. 3.258000e-14
3868. 3.447000e-14
3872. 3.438000e-14
3876. 3.286000e-14
3880. 3.081000e-14
3884. 2.890000e-14
3888. 2.757000e-14
3892. 2.847000e-14
3896. 2.957000e-14
3900. 2.985000e-14
3904. 3.133000e-14
3908. 3.449000e-14
3912. 3.489000e-14
3916. 3.525000e-14
3920. 3.467000e-14
3924. 3.259000e-14
3928. 2.943000e-14
3932. 2.772000e-14
3936. 2.847000e-14
3940. 3.065000e-14
3944. 3.287000e-14
3948. 3.295000e-14
3952. 3.238000e-14
3956. 3.141000e-14
3960. 2.983000e-14
3964. 2.730000e-14
3968. 2.527000e-14
3972. 2.541000e-14
3976. 2.674000e-14
3980. 3.034000e-14
3984. 3.249000e-14
3988. 3.370000e-14
3992. 3.481000e-14
3996. 3.558000e-14
4000. 3.570000e-14
4004. 3.606000e-14
4008. 3.607000e-14
4012. 3.666000e-14
4016. 3.600000e-14
4020. 3.636000e-14
4024. 3.503000e-14
4028. 3.582000e-14
4032. 3.613000e-14
4036. 3.683000e-14
4040. 3.634000e-14
4044. 3.696000e-14
4048. 3.639000e-14
4052. 3.636000e-14
4056. 3.586000e-14
4060. 3.566000e-14
4064. 3.637000e-14
4068. 3.577000e-14
4072. 3.522000e-14
4076. 3.465000e-14
4080. 3.338000e-14
4084. 3.391000e-14
4088. 3.480000e-14
4092. 3.285000e-14
4096. 3.156000e-14
4100. 3.148000e-14
4104. 3.208000e-14
4108. 3.248000e-14
4112. 3.215000e-14
4116. 3.221000e-14
4120. 3.324000e-14
4124. 3.439000e-14
4128. 3.458000e-14
4132. 3.421000e-14
4136. 3.533000e-14
4140. 3.558000e-14
4144. 3.536000e-14
4148. 3.525000e-14
4152. 3.522000e-14
4156. 3.511000e-14
4160. 3.588000e-14
4164. 3.684000e-14
4168. 3.601000e-14
4172. 3.470000e-14
4176. 3.394000e-14
4180. 3.441000e-14
4184. 3.575000e-14
4188. 3.561000e-14
4192. 3.556000e-14
4196. 3.510000e-14
4200. 3.436000e-14
4204. 3.478000e-14
4208. 3.532000e-14
4212. 3.479000e-14
4216. 3.461000e-14
4220. 3.464000e-14
4224. 3.432000e-14
4228. 3.417000e-14
4232. 3.446000e-14
4236. 3.509000e-14
4240. 3.555000e-14
4244. 3.529000e-14
4248. 3.530000e-14
4252. 3.531000e-14
4256. 3.507000e-14
4260. 3.453000e-14
4264. 3.471000e-14
4268. 3.465000e-14
4272. 3.472000e-14
4276. 3.511000e-14
4280. 3.587000e-14
4284. 3.519000e-14
4288. 3.420000e-14
4292. 3.351000e-14
4296. 3.402000e-14
4300. 3.346000e-14
4304. 3.223000e-14
4308. 3.179000e-14
4312. 3.188000e-14
4316. 3.355000e-14
4320. 3.443000e-14
4324. 3.413000e-14
4328. 3.293000e-14
4332. 3.253000e-14
4336. 3.329000e-14
4340. 3.551000e-14
4344. 3.667000e-14
4348. 3.355000e-14
4352. 3.099000e-14
4356. 3.305000e-14
4360. 3.406000e-14
4364. 3.487000e-14
4368. 3.528000e-14
4372. 3.389000e-14
4376. 3.368000e-14
4380. 3.306000e-14
4384. 3.301000e-14
4388. 3.300000e-14
4392. 3.297000e-14
4396. 3.308000e-14
4400. 3.348000e-14
4404. 3.339000e-14
4408. 3.267000e-14
4412. 3.274000e-14
4416. 3.275000e-14
4420. 3.303000e-14
4424. 3.304000e-14
4428. 3.301000e-14
4432. 3.370000e-14
4436. 3.355000e-14
4440. 3.415000e-14
4444. 3.404000e-14
4448. 3.418000e-14
4452. 3.383000e-14
4456. 3.264000e-14
4460. 3.253000e-14
4464. 3.296000e-14
4468. 3.281000e-14
4472. 3.352000e-14
4476. 3.423000e-14
4480. 3.405000e-14
4484. 3.443000e-14
4488. 3.405000e-14
4492. 3.398000e-14
4496. 3.414000e-14
4500. 3.438000e-14
4504. 3.483000e-14
4508. 3.529000e-14
4512. 3.509000e-14
4516. 3.497000e-14
4520. 3.459000e-14
4524. 3.416000e-14
4528. 3.327000e-14
4532. 3.379000e-14
4536. 3.361000e-14
4540. 3.421000e-14
4544. 3.480000e-14
4548. 3.398000e-14
4552. 3.300000e-14
4556. 3.364000e-14
4560. 3.388000e-14
4564. 3.439000e-14
4568. 3.452000e-14
4572. 3.413000e-14
4576. 3.494000e-14
4580. 3.462000e-14
4584. 3.388000e-14
4588. 3.396000e-14
4592. 3.428000e-14
4596. 3.401000e-14
4600. 3.369000e-14
4604. 3.406000e-14
4608. 3.507000e-14
4612. 3.535000e-14
4616. 3.509000e-14
4620. 3.498000e-14
4624. 3.447000e-14
4628. 3.463000e-14
4632. 3.482000e-14
4636. 3.483000e-14
4640. 3.450000e-14
4644. 3.459000e-14
4648. 3.397000e-14
4652. 3.392000e-14
4656. 3.380000e-14
4660. 3.406000e-14
4664. 3.434000e-14
4668. 3.386000e-14
4672. 3.386000e-14
4676. 3.374000e-14
4680. 3.439000e-14
4684. 3.401000e-14
4688. 3.408000e-14
4692. 3.450000e-14
4696. 3.448000e-14
4700. 3.395000e-14
4704. 3.337000e-14
4708. 3.260000e-14
4712. 3.339000e-14
4716. 3.384000e-14
4720. 3.357000e-14
4724. 3.369000e-14
4728. 3.291000e-14
4732. 3.285000e-14
4736. 3.308000e-14
4740. 3.282000e-14
4744. 3.337000e-14
4748. 3.456000e-14
4752. 3.435000e-14
4756. 3.420000e-14
4760. 3.326000e-14
4764. 3.304000e-14
4768. 3.330000e-14
4772. 3.351000e-14
4776. 3.335000e-14
4780. 3.349000e-14
4784. 3.335000e-14
4788. 3.384000e-14
4792. 3.307000e-14
4796. 3.328000e-14
4800. 3.302000e-14
4804. 3.322000e-14
4808. 3.306000e-14
4812. 3.293000e-14
4816. 3.320000e-14
4820. 3.335000e-14
4824. 3.285000e-14
4828. 3.273000e-14
4832. 3.269000e-14
4836. 3.206000e-14
4840. 3.131000e-14
4844. 3.090000e-14
4848. 3.067000e-14
4852. 3.085000e-14
4856. 3.445000e-14
4860. 4.477000e-14
4864. 5.287000e-14
4868. 4.729000e-14
4872. 3.547000e-14
4876. 3.086000e-14
4880. 3.060000e-14
4884. 3.108000e-14
4888. 3.065000e-14
4892. 3.078000e-14
4896. 3.190000e-14
4900. 3.203000e-14
4904. 3.138000e-14
4908. 3.115000e-14
4912. 3.110000e-14
4916. 3.035000e-14
4920. 3.011000e-14
4924. 3.012000e-14
4928. 3.105000e-14
4932. 3.179000e-14
4936. 3.194000e-14
4940. 3.242000e-14
4944. 3.269000e-14
4948. 3.237000e-14
4952. 3.249000e-14
4956. 3.339000e-14
4960. 3.533000e-14
4964. 3.499000e-14
4968. 3.309000e-14
4972. 3.159000e-14
4976. 3.186000e-14
4980. 3.097000e-14
4984. 3.065000e-14
4988. 3.065000e-14
4992. 3.113000e-14
4996. 3.178000e-14
5000. 3.316000e-14
5004. 3.659000e-14
5008. 4.063000e-14
5012. 4.136000e-14
5016. 3.687000e-14
5020. 3.170000e-14
5024. 3.087000e-14
5028. 3.108000e-14
5032. 3.108000e-14
5036. 3.060000e-14
5040. 3.077000e-14
5044. 3.063000e-14
5048. 3.010000e-14
5052. 3.038000e-14
5056. 3.063000e-14
5060. 3.181000e-14
5064. 3.150000e-14
5068. 3.116000e-14
5072. 3.089000e-14
5076. 3.100000e-14
5080. 3.120000e-14
5084. 3.091000e-14
5088. 3.131000e-14
5092. 3.102000e-14
5096. 3.126000e-14
5100. 3.052000e-14
5104. 3.066000e-14
5108. 3.084000e-14
5112. 3.056000e-14
5116. 3.058000e-14
5120. 3.080000e-14
5124. 3.112000e-14
5128. 3.010000e-14
5132. 2.979000e-14
5136. 3.068000e-14
5140. 3.071000e-14
5144. 3.044000e-14
5148. 2.979000e-14
5152. 3.003000e-14
5156. 2.961000e-14
5160. 2.994000e-14
5164. 2.971000e-14
5168. 2.829000e-14
5172. 2.776000e-14
5176. 2.853000e-14
5180. 2.934000e-14
5184. 2.927000e-14
5188. 2.885000e-14
5192. 2.964000e-14
5196. 3.090000e-14
5200. 3.091000e-14
5204. 3.101000e-14
5208. 3.075000e-14
5212. 3.012000e-14
5216. 2.981000e-14
5220. 2.987000e-14
5224. 3.065000e-14
5228. 3.093000e-14
5232. 3.054000e-14
5236. 3.050000e-14
5240. 3.102000e-14
5244. 3.095000e-14
5248. 3.021000e-14
5252. 2.956000e-14
5256. 2.968000e-14
5260. 3.027000e-14
5264. 3.020000e-14
5268. 2.945000e-14
5272. 2.897000e-14
5276. 3.020000e-14
5280. 2.952000e-14
5284. 3.005000e-14
5288. 3.042000e-14
5292. 3.042000e-14
5296. 3.100000e-14
5300. 3.180000e-14
5304. 3.068000e-14
5308. 3.024000e-14
5312. 3.098000e-14
5316. 3.130000e-14
5320. 3.100000e-14
5324. 3.049000e-14
5328. 2.976000e-14
5332. 2.872000e-14
5336. 2.927000e-14
5340. 2.974000e-14
5344. 2.986000e-14
5348. 2.944000e-14
5352. 3.073000e-14
5356. 3.197000e-14
5360. 3.205000e-14
5364. 3.078000e-14
5368. 3.076000e-14
5372. 3.001000e-14
5376. 2.985000e-14
5380. 3.078000e-14
5384. 3.038000e-14
5388. 3.087000e-14
5392. 3.030000e-14
5396. 3.007000e-14
5400. 3.025000e-14
5404. 2.998000e-14
5408. 2.948000e-14
5412. 2.986000e-14
5416. 3.042000e-14
5420. 2.443000e-14
5424. 2.438000e-14
5428. 3.087000e-14
5432. 2.966000e-14
5436. 2.411000e-14
5440. 2.481000e-14
5444. 3.075000e-14
5448. 3.044000e-14
5452. 2.979000e-14
5456. 2.963000e-14
5460. 2.356000e-14
5464. 2.393000e-14
5468. 2.958000e-14
5472. 2.946000e-14
5476. 1.744000e-14
5480. 1.726000e-14
5484. 2.811000e-14
5488. 2.958000e-14
5492. 1.825000e-14
5496. 1.757000e-14
5500. 2.945000e-14
5504. 2.981000e-14
5508. 2.415000e-14
5512. 2.435000e-14
5516. 2.998000e-14
5520. 2.992000e-14
5524. 3.074000e-14
5528. 3.031000e-14
5532. 2.955000e-14
5536. 2.968000e-14
5540. 3.057000e-14
5544. 3.054000e-14
5548. 3.026000e-14
5552. 3.093000e-14
5556. 2.973000e-14
5560. 2.979000e-14
5564. 3.057000e-14
5568. 3.081000e-14
5572. 3.046000e-14
5576. 3.036000e-14
5580. 2.992000e-14
5584. 2.995000e-14
5588. 2.918000e-14
5592. 2.915000e-14
5596. 2.869000e-14
5600. 3.050000e-14
5604. 2.901000e-14
5608. 2.957000e-14
5612. 3.028000e-14
5616. 2.989000e-14
5620. 2.896000e-14
5624. 2.972000e-14
5628. 2.936000e-14
5632. 2.986000e-14
5636. 2.992000e-14
5640. 2.901000e-14
5644. 2.860000e-14
5648. 2.863000e-14
5652. 2.933000e-14
5656. 2.918000e-14
5660. 2.918000e-14
5664. 2.964000e-14
5668. 2.972000e-14
5672. 2.906000e-14
5676. 3.009000e-14
5680. 2.989000e-14
5684. 2.910000e-14
5688. 2.872000e-14
5692. 3.024000e-14
5696. 3.066000e-14
5700. 3.093000e-14
5704. 3.028000e-14
5708. 2.898000e-14
5712. 2.895000e-14
5716. 2.947000e-14
5720. 2.987000e-14
5724. 2.966000e-14
5728. 2.910000e-14
5732. 2.974000e-14
5736. 2.947000e-14
5740. 2.939000e-14
5744. 2.991000e-14
5748. 2.975000e-14
5752. 3.006000e-14
5756. 3.016000e-14
5760. 2.999000e-14
5764. 2.992000e-14
5768. 3.015000e-14
5772. 3.050000e-14
5776. 2.964000e-14
5780. 2.946000e-14
5784. 2.845000e-14
5788. 2.849000e-14
5792. 2.887000e-14
5796. 2.892000e-14
5800. 2.974000e-14
5804. 2.991000e-14
5808. 3.001000e-14
5812. 3.032000e-14
5816. 3.020000e-14
5820. 2.981000e-14
5824. 2.968000e-14
5828. 3.056000e-14
5832. 3.115000e-14
5836. 3.034000e-14
5840. 3.003000e-14
5844. 2.979000e-14
5848. 3.155000e-14
5852. 2.950000e-14
5856. 2.978000e-14
5860. 2.933000e-14
5864. 3.026000e-14
5868. 2.922000e-14
5872. 3.028000e-14
5876. 3.141000e-14
5880. 3.137000e-14
5884. 2.909000e-14
5888. 2.593000e-14
5892. 2.538000e-14
5896. 2.607000e-14
5900. 2.740000e-14
5904. 2.830000e-14
5908. 2.906000e-14
5912. 2.815000e-14
5916. 2.838000e-14
5920. 2.901000e-14
5924. 2.924000e-14
5928. 2.977000e-14
5932. 2.920000e-14
5936. 2.956000e-14
5940. 2.992000e-14
5944. 2.861000e-14
5948. 2.799000e-14
5952. 2.831000e-14
5956. 2.869000e-14
5960. 2.868000e-14
5964. 2.977000e-14
5968. 2.877000e-14
5972. 2.955000e-14
5976. 3.023000e-14
5980. 2.961000e-14
5984. 2.852000e-14
5988. 2.834000e-14
5992. 2.853000e-14
5996. 2.846000e-14
6000. 2.854000e-14
6004. 2.960000e-14
6008. 3.038000e-14
6012. 2.840000e-14
6016. 2.827000e-14
6020. 2.939000e-14
6024. 2.890000e-14
6028. 2.897000e-14
6032. 2.885000e-14
6036. 2.879000e-14
6040. 2.860000e-14
6044. 2.998000e-14
6048. 2.800000e-14
6052. 2.927000e-14
6056. 2.930000e-14
6060. 2.944000e-14
6064. 2.887000e-14
6068. 2.987000e-14
6072. 2.808000e-14
6076. 2.869000e-14
6080. 2.889000e-14
6084. 2.955000e-14
6088. 3.024000e-14
6092. 3.042000e-14
6096. 2.940000e-14
6100. 2.889000e-14
6104. 2.935000e-14
6108. 2.868000e-14
6112. 3.043000e-14
6116. 2.983000e-14
6120. 2.953000e-14
6124. 2.893000e-14
6128. 2.922000e-14
6132. 2.893000e-14
6136. 2.754000e-14
6140. 2.860000e-14
6144. 2.777000e-14
6148. 2.811000e-14
6152. 2.908000e-14
6156. 2.807000e-14
6160. 2.752000e-14
6164. 2.714000e-14
6168. 2.718000e-14
6172. 2.828000e-14
6176. 2.744000e-14
6180. 2.747000e-14
6184. 2.818000e-14
6188. 2.990000e-14
6192. 2.963000e-14
6196. 2.925000e-14
6200. 2.936000e-14
6204. 2.872000e-14
6208. 2.847000e-14
6212. 2.864000e-14
6216. 2.759000e-14
6220. 2.774000e-14
6224. 2.806000e-14
6228. 2.792000e-14
6232. 2.857000e-14
6236. 2.803000e-14
6240. 2.851000e-14
6244. 2.781000e-14
6248. 2.882000e-14
6252. 2.786000e-14
6256. 2.783000e-14
6260. 2.789000e-14
6264. 2.798000e-14
6268. 2.791000e-14
6272. 2.788000e-14
6276. 2.802000e-14
6280. 2.725000e-14
6284. 2.765000e-14
6288. 2.698000e-14
6292. 2.743000e-14
6296. 2.953000e-14
6300. 3.013000e-14
6304. 2.970000e-14
6308. 2.778000e-14
6312. 2.622000e-14
6316. 2.685000e-14
6320. 2.695000e-14
6324. 2.873000e-14
6328. 2.932000e-14
6332. 2.888000e-14
6336. 2.831000e-14
6340. 2.755000e-14
6344. 2.820000e-14
6348. 2.787000e-14
6352. 2.912000e-14
6356. 2.830000e-14
6360. 2.895000e-14
6364. 2.931000e-14
6368. 2.823000e-14
6372. 2.802000e-14
6376. 2.883000e-14
6380. 2.887000e-14
6384. 2.933000e-14
6388. 2.901000e-14
6392. 2.885000e-14
6396. 2.760000e-14
6400. 2.785000e-14
6404. 2.835000e-14
6408. 2.879000e-14
6412. 2.820000e-14
6416. 2.833000e-14
6420. 2.730000e-14
6424. 2.792000e-14
6428. 2.747000e-14
6432. 2.745000e-14
6436. 2.761000e-14
6440. 2.780000e-14
6444. 2.835000e-14
6448. 2.887000e-14
6452. 2.810000e-14
6456. 2.827000e-14
6460. 2.903000e-14
6464. 2.872000e-14
6468. 2.793000e-14
6472. 2.843000e-14
6476. 2.834000e-14
6480. 2.781000e-14
6484. 2.769000e-14
6488. 2.700000e-14
6492. 2.699000e-14
6496. 2.697000e-14
6500. 2.712000e-14
6504. 2.765000e-14
6508. 2.750000e-14
6512. 2.670000e-14
6516. 2.756000e-14
6520. 2.822000e-14
6524. 2.824000e-14
6528. 2.874000e-14
6532. 2.913000e-14
6536. 3.025000e-14
6540. 3.494000e-14
6544. 4.383000e-14
6548. 5.052000e-14
6552. 5.679000e-14
6556. 8.709000e-14
6560. 1.523000e-13
6564. 1.714000e-13
6568. 1.111000e-13
6572. 5.611000e-14
6576. 5.239000e-14
6580. 8.029000e-14
6584. 9.058000e-14
6588. 6.806000e-14
6592. 3.939000e-14
6596. 2.787000e-14
6600. 2.723000e-14
6604. 2.828000e-14
6608. 2.747000e-14
6612. 2.800000e-14
6616. 2.772000e-14
6620. 2.753000e-14
6624. 2.778000e-14
6628. 2.831000e-14
6632. 2.809000e-14
6636. 2.706000e-14
6640. 2.716000e-14
6644. 2.669000e-14
6648. 2.733000e-14
6652. 2.747000e-14
6656. 2.663000e-14
6660. 2.674000e-14
6664. 2.639000e-14
6668. 2.677000e-14
6672. 2.789000e-14
6676. 2.785000e-14
6680. 2.763000e-14
6684. 2.770000e-14
6688. 2.653000e-14
6692. 2.651000e-14
6696. 2.732000e-14
6700. 2.732000e-14
6704. 2.880000e-14
6708. 3.292000e-14
6712. 3.969000e-14
6716. 4.704000e-14
6720. 4.560000e-14
6724. 4.004000e-14
6728. 4.206000e-14
6732. 4.445000e-14
6736. 3.879000e-14
6740. 3.073000e-14
6744. 2.778000e-14
6748. 2.671000e-14
6752. 2.598000e-14
6756. 2.611000e-14
6760. 2.659000e-14
6764. 2.736000e-14
6768. 2.596000e-14
6772. 2.598000e-14
6776. 2.717000e-14
6780. 2.760000e-14
6784. 2.621000e-14
6788. 2.609000e-14
6792. 2.662000e-14
6796. 2.600000e-14
6800. 2.594000e-14
6804. 2.591000e-14
6808. 2.671000e-14
6812. 2.660000e-14
6816. 2.636000e-14
6820. 2.640000e-14
6824. 2.582000e-14
6828. 2.630000e-14
6832. 2.760000e-14
6836. 2.757000e-14
6840. 2.820000e-14
6844. 2.622000e-14
6848. 2.549000e-14
6852. 2.527000e-14
6856. 2.587000e-14
6860. 2.664000e-14
6864. 2.783000e-14
6868. 2.873000e-14
6872. 2.679000e-14
6876. 2.905000e-14
6880. 2.891000e-14
6884. 2.805000e-14
6888. 2.711000e-14
6892. 2.419000e-14
6896. 2.287000e-14
6900. 2.433000e-14
6904. 2.661000e-14
6908. 2.682000e-14
6912. 2.736000e-14
6916. 2.848000e-14
6920. 2.824000e-14
6924. 2.733000e-14
6928. 2.652000e-14
6932. 2.903000e-14
6936. 3.004000e-14
6940. 2.776000e-14
6944. 2.810000e-14
6948. 2.750000e-14
6952. 2.788000e-14
6956. 2.857000e-14
6960. 2.895000e-14
6964. 2.795000e-14
6968. 2.737000e-14
6972. 2.840000e-14
6976. 2.653000e-14
6980. 2.557000e-14
6984. 2.547000e-14
6988. 2.475000e-14
6992. 2.556000e-14
6996. 2.602000e-14
7000. 2.583000e-14
7004. 2.632000e-14
7008. 2.820000e-14
7012. 2.944000e-14
7016. 2.754000e-14
7020. 2.631000e-14
7024. 2.630000e-14
7028. 2.662000e-14
7032. 2.631000e-14
7036. 2.617000e-14
7040. 2.670000e-14
7044. 2.684000e-14
7048. 2.715000e-14
7052. 2.684000e-14
7056. 2.616000e-14
7060. 2.603000e-14
7064. 2.620000e-14
7068. 2.594000e-14
7072. 2.585000e-14
7076. 2.576000e-14
7080. 2.589000e-14
7084. 2.558000e-14
7088. 2.539000e-14
7092. 2.529000e-14
7096. 2.525000e-14
7100. 2.522000e-14
7104. 2.539000e-14
7108. 2.476000e-14
7112. 2.533000e-14
7116. 2.445000e-14
7120. 2.500000e-14
7124. 2.490000e-14
7128. 2.468000e-14
7132. 2.528000e-14
7136. 2.612000e-14
7140. 2.613000e-14
7144. 2.532000e-14
7148. 2.470000e-14
7152. 2.492000e-14
7156. 2.508000e-14
7160. 2.483000e-14
7164. 2.483000e-14
7168. 2.467000e-14
7172. 2.464000e-14
7176. 2.503000e-14
7180. 2.493000e-14
7184. 2.479000e-14
7188. 2.452000e-14
7192. 2.455000e-14
7196. 2.492000e-14
7200. 2.450000e-14
7204. 2.486000e-14
7208. 2.517000e-14
7212. 2.486000e-14
7216. 2.517000e-14
7220. 2.454000e-14
7224. 2.557000e-14
7228. 2.505000e-14
7232. 2.552000e-14
7236. 2.574000e-14
7240. 2.573000e-14
7244. 2.560000e-14
7248. 2.574000e-14
7252. 2.534000e-14
7256. 2.544000e-14
7260. 2.507000e-14
7264. 2.521000e-14
7268. 2.551000e-14
7272. 2.574000e-14
7276. 2.558000e-14
7280. 2.546000e-14
7284. 2.490000e-14
7288. 2.519000e-14
7292. 2.566000e-14
7296. 2.582000e-14
7300. 2.559000e-14
7304. 2.575000e-14
7308. 2.553000e-14
7312. 2.558000e-14
7316. 2.610000e-14
7320. 2.649000e-14
7324. 2.663000e-14
7328. 2.671000e-14
7332. 2.657000e-14
7336. 2.637000e-14
7340. 2.653000e-14
7344. 2.612000e-14
7348. 2.596000e-14
7352. 2.574000e-14
7356. 2.557000e-14
7360. 2.528000e-14
7364. 2.547000e-14
7368. 2.556000e-14
7372. 2.600000e-14
7376. 2.666000e-14
7380. 2.647000e-14
7384. 2.611000e-14
7388. 2.583000e-14
7392. 2.576000e-14
7396. 2.587000e-14
7400. 2.589000e-14
7404. 2.609000e-14
7408. 2.589000e-14
7412. 2.602000e-14
7416. 2.541000e-14
7420. 2.513000e-14
7424. 2.539000e-14
7428. 2.561000e-14
7432. 2.565000e-14
7436. 2.558000e-14
7440. 2.627000e-14
7444. 2.583000e-14
7448. 2.549000e-14
7452. 2.580000e-14
7456. 2.629000e-14
7460. 2.596000e-14
7464. 2.572000e-14
7468. 2.569000e-14
7472. 2.595000e-14
7476. 2.608000e-14
7480. 2.614000e-14
7484. 2.623000e-14
7488. 2.565000e-14
7492. 2.606000e-14
7496. 2.582000e-14
7500. 2.593000e-14
7504. 2.605000e-14
7508. 2.601000e-14
7512. 2.623000e-14
7516. 2.625000e-14
7520. 2.618000e-14
7524. 2.653000e-14
7528. 2.668000e-14
7532. 2.714000e-14
7536. 2.633000e-14
7540. 2.556000e-14
7544. 2.589000e-14
7548. 2.532000e-14
7552. 2.579000e-14
7556. 2.594000e-14
7560. 2.540000e-14
7564. 2.558000e-14
7568. 2.545000e-14
7572. 2.530000e-14
7576. 2.534000e-14
7580. 2.510000e-14
7584. 2.488000e-14
7588. 2.514000e-14
7592. 2.508000e-14
7596. 2.489000e-14
7600. 2.472000e-14
7604. 2.461000e-14
7608. 2.461000e-14
7612. 2.457000e-14
7616. 2.465000e-14
7620. 2.441000e-14
7624. 2.446000e-14
7628. 2.470000e-14
7632. 2.445000e-14
7636. 2.458000e-14
7640. 2.503000e-14
7644. 2.473000e-14
7648. 2.464000e-14
7652. 2.432000e-14
7656. 2.402000e-14
7660. 2.407000e-14
7664. 2.374000e-14
7668. 2.398000e-14
7672. 2.400000e-14
7676. 2.436000e-14
7680. 2.442000e-14
7684. 2.443000e-14
7688. 2.421000e-14
7692. 2.383000e-14
7696. 2.409000e-14
7700. 2.433000e-14
7704. 2.389000e-14
7708. 2.402000e-14
7712. 2.424000e-14
7716. 2.409000e-14
7720. 2.398000e-14
7724. 2.394000e-14
7728. 2.414000e-14
7732. 2.433000e-14
7736. 2.436000e-14
7740. 2.470000e-14
7744. 2.455000e-14
7748. 2.390000e-14
7752. 2.418000e-14
7756. 2.465000e-14
7760. 2.444000e-14
7764. 2.471000e-14
7768. 2.461000e-14
7772. 2.425000e-14
7776. 2.417000e-14
7780. 2.438000e-14
7784. 2.437000e-14
7788. 2.384000e-14
7792. 2.417000e-14
7796. 2.439000e-14
7800. 2.456000e-14
7804. 2.470000e-14
7808. 2.474000e-14
7812. 2.505000e-14
7816. 2.480000e-14
7820. 2.441000e-14
7824. 2.485000e-14
7828. 2.479000e-14
7832. 2.442000e-14
7836. 2.431000e-14
7840. 2.439000e-14
7844. 2.463000e-14
7848. 2.437000e-14
7852. 2.432000e-14
7856. 2.472000e-14
7860. 2.464000e-14
7864. 2.476000e-14
7868. 2.449000e-14
7872. 2.470000e-14
7876. 2.455000e-14
7880. 2.440000e-14
7884. 2.432000e-14
7888. 2.421000e-14
7892. 2.410000e-14
7896. 2.450000e-14
7900. 2.418000e-14
7904. 2.376000e-14
7908. 2.402000e-14
7912. 2.365000e-14
7916. 2.401000e-14
7920. 2.352000e-14
7924. 2.368000e-14
7928. 2.384000e-14
7932. 2.347000e-14
7936. 2.321000e-14
7940. 2.360000e-14
7944. 2.331000e-14
7948. 2.339000e-14
7952. 2.373000e-14
7956. 2.358000e-14
7960. 2.398000e-14
7964. 2.402000e-14
7968. 2.380000e-14
7972. 2.396000e-14
7976. 2.420000e-14
7980. 2.434000e-14
7984. 2.457000e-14
7988. 2.409000e-14
7992. 2.399000e-14
7996. 2.391000e-14
8000. 2.408000e-14
8004. 2.420000e-14
8008. 2.457000e-14
8012. 2.465000e-14
8016. 2.560000e-14
8020. 2.516000e-14
8024. 2.470000e-14
8028. 2.413000e-14
8032. 2.448000e-14
8036. 2.505000e-14
8040. 2.519000e-14
8044. 2.502000e-14
8048. 2.454000e-14
8052. 2.468000e-14
8056. 2.489000e-14
8060. 2.466000e-14
8064. 2.538000e-14
8068. 2.468000e-14
8072. 2.456000e-14
8076. 2.439000e-14
8080. 2.439000e-14
8084. 2.453000e-14
8088. 2.471000e-14
8092. 2.411000e-14
8096. 2.386000e-14
8100. 2.373000e-14
8104. 2.287000e-14
8108. 2.365000e-14
8112. 2.370000e-14
8116. 2.346000e-14
8120. 2.342000e-14
8124. 2.365000e-14
8128. 2.351000e-14
8132. 2.377000e-14
8136. 2.363000e-14
8140. 2.403000e-14
8144. 2.398000e-14
8148. 2.420000e-14
8152. 2.462000e-14
8156. 2.474000e-14
8160. 2.399000e-14
8164. 2.537000e-14
8168. 2.692000e-14
8172. 2.481000e-14
8176. 2.462000e-14
8180. 2.464000e-14
8184. 2.459000e-14
8188. 2.402000e-14
8192. 2.398000e-14
8196. 2.407000e-14
8200. 2.357000e-14
8204. 2.408000e-14
8208. 2.391000e-14
8212. 2.305000e-14
8216. 2.408000e-14
8220. 2.418000e-14
8224. 2.383000e-14
8228. 2.444000e-14
8232. 2.400000e-14
8236. 2.461000e-14
8240. 2.411000e-14
8244. 2.422000e-14
8248. 2.443000e-14
8252. 2.400000e-14
8256. 2.398000e-14
8260. 2.415000e-14
8264. 2.409000e-14
8268. 2.354000e-14
8272. 2.416000e-14
8276. 2.371000e-14
8280. 2.395000e-14
8284. 2.352000e-14
8288. 2.412000e-14
8292. 2.327000e-14
8296. 2.341000e-14
8300. 2.353000e-14
8304. 2.420000e-14
8308. 2.314000e-14
8312. 2.282000e-14
8316. 2.274000e-14
8320. 2.341000e-14
8324. 2.342000e-14
8328. 2.338000e-14
8332. 2.237000e-14
8336. 2.270000e-14
8340. 2.296000e-14
8344. 2.238000e-14
8348. 2.222000e-14
8352. 2.274000e-14
8356. 2.336000e-14
8360. 2.342000e-14
8364. 2.325000e-14
8368. 2.312000e-14
8372. 2.336000e-14
8376. 2.293000e-14
8380. 2.360000e-14
8384. 2.266000e-14
8388. 2.213000e-14
8392. 2.270000e-14
8396. 2.368000e-14
8400. 2.377000e-14
8404. 2.317000e-14
8408. 2.319000e-14
8412. 2.339000e-14
8416. 2.393000e-14
8420. 2.365000e-14
8424. 2.281000e-14
8428. 2.240000e-14
8432. 2.261000e-14
8436. 2.280000e-14
8440. 2.289000e-14
8444. 2.291000e-14
8448. 2.382000e-14
8452. 2.324000e-14
8456. 2.255000e-14
8460. 2.331000e-14
8464. 2.261000e-14
8468. 2.318000e-14
8472. 2.241000e-14
8476. 2.247000e-14
8480. 2.314000e-14
8484. 2.290000e-14
8488. 2.382000e-14
8492. 2.304000e-14
8496. 2.206000e-14
8500. 2.142000e-14
8504. 2.127000e-14
8508. 2.204000e-14
8512. 2.279000e-14
8516. 2.290000e-14
8520. 2.213000e-14
8524. 2.265000e-14
8528. 2.265000e-14
8532. 2.246000e-14
8536. 2.255000e-14
8540. 2.056000e-14
8544. 1.925000e-14
8548. 1.976000e-14
8552. 2.089000e-14
8556. 2.210000e-14
8560. 2.260000e-14
8564. 2.281000e-14
8568. 2.305000e-14
8572. 2.331000e-14
8576. 2.378000e-14
8580. 2.385000e-14
8584. 2.390000e-14
8588. 2.413000e-14
8592. 2.318000e-14
8596. 2.353000e-14
8600. 2.367000e-14
8604. 2.326000e-14
8608. 2.400000e-14
8612. 2.330000e-14
8616. 2.406000e-14
8620. 2.494000e-14
8624. 2.389000e-14
8628. 2.400000e-14
8632. 2.425000e-14
8636. 2.419000e-14
8640. 2.400000e-14
8644. 2.503000e-14
8648. 2.423000e-14
8652. 2.378000e-14
8656. 2.373000e-14
8660. 2.162000e-14
8664. 2.038000e-14
8668. 2.068000e-14
8672. 2.215000e-14
8676. 2.303000e-14
8680. 2.277000e-14
8684. 2.389000e-14
8688. 2.405000e-14
8692. 2.346000e-14
8696. 2.369000e-14
8700. 2.325000e-14
8704. 2.428000e-14
8708. 2.442000e-14
8712. 2.424000e-14
8716. 2.465000e-14
8720. 2.492000e-14
8724. 2.429000e-14
8728. 2.462000e-14
8732. 2.457000e-14
8736. 2.449000e-14
8740. 2.404000e-14
8744. 2.343000e-14
8748. 2.407000e-14
8752. 2.418000e-14
8756. 2.363000e-14
8760. 2.459000e-14
8764. 2.423000e-14
8768. 2.385000e-14
8772. 2.379000e-14
8776. 2.406000e-14
8780. 2.470000e-14
8784. 2.502000e-14
8788. 2.538000e-14
8792. 2.461000e-14
8796. 2.479000e-14
8800. 2.482000e-14
8804. 2.509000e-14
8808. 2.404000e-14
8812. 2.388000e-14
8816. 2.536000e-14
8820. 2.468000e-14
8824. 2.517000e-14
8828. 2.491000e-14
8832. 2.453000e-14
8836. 2.505000e-14
8840. 2.459000e-14
8844. 2.451000e-14
8848. 2.455000e-14
8852. 2.451000e-14
8856. 2.457000e-14
8860. 2.448000e-14
8864. 2.389000e-14
8868. 2.416000e-14
8872. 2.456000e-14
8876. 2.309000e-14
8880. 2.406000e-14
8884. 2.294000e-14
8888. 2.418000e-14
8892. 2.451000e-14
8896. 2.424000e-14
8900. 2.435000e-14
8904. 3.039000e-14
8908. 2.536000e-14
8912. 2.449000e-14
8916. 2.488000e-14
8920. 2.447000e-14
8924. 2.430000e-14
8928. 2.457000e-14
8932. 2.583000e-14
8936. 2.448000e-14
8940. 2.502000e-14
8944. 2.481000e-14
8948. 2.528000e-14
8952. 2.444000e-14
8956. 2.397000e-14
8960. 2.444000e-14
8964. 2.466000e-14
8968. 2.442000e-14
8972. 2.516000e-14
8976. 2.459000e-14
8980. 2.358000e-14
8984. 2.477000e-14
8988. 2.498000e-14
8992. 2.577000e-14
8996. 2.433000e-14
9000. 2.451000e-14
9004. 2.374000e-14
9008. 2.422000e-14
9012. 2.468000e-14
9016. 2.521000e-14
9020. 2.365000e-14
9024. 2.418000e-14
9028. 2.376000e-14
9032. 2.388000e-14
9036. 2.450000e-14
9040. 2.483000e-14
9044. 2.529000e-14
9048. 2.473000e-14
9052. 2.487000e-14
9056. 2.577000e-14
9060. 2.626000e-14
9064. 2.704000e-14
9068. 3.079000e-14
9072. 3.756000e-14
9076. 3.518000e-14
9080. 3.095000e-14
9084. 2.542000e-14
9088. 2.505000e-14
9092. 2.539000e-14
9096. 2.419000e-14
9100. 2.467000e-14
9104. 2.474000e-14
9108. 2.500000e-14
9112. 2.464000e-14
9116. 2.428000e-14
9120. 2.418000e-14
9124. 2.438000e-14
9128. 2.468000e-14
9132. 2.472000e-14
9136. 2.483000e-14
9140. 2.462000e-14
9144. 2.345000e-14
9148. 2.389000e-14
9152. 2.354000e-14
9156. 2.322000e-14
9160. 2.387000e-14
9164. 2.413000e-14
9168. 2.383000e-14
9172. 2.383000e-14
9176. 2.344000e-14
9180. 2.378000e-14
9184. 2.327000e-14
9188. 2.329000e-14
9192. 2.458000e-14
9196. 2.404000e-14
9200. 2.414000e-14
9204. 2.356000e-14
9208. 2.274000e-14
9212. 2.319000e-14
9216. 2.316000e-14
9220. 2.394000e-14
9224. 2.360000e-14
9228. 2.451000e-14
9232. 2.441000e-14
9236. 2.339000e-14
9240. 2.424000e-14
9244. 2.361000e-14
9248. 2.333000e-14
9252. 2.314000e-14
9256. 2.450000e-14
9260. 2.544000e-14
9264. 2.412000e-14
9268. 2.463000e-14
9272. 2.366000e-14
9276. 2.558000e-14
9280. 2.458000e-14
9284. 2.678000e-14
9288. 3.502000e-14
9292. 2.593000e-14
9296. 2.552000e-14
9300. 2.184000e-14
9304. 2.719000e-14
9308. 2.820000e-14
9312. 2.502000e-14
9316. 2.298000e-14
9320. 2.525000e-14
9324. 2.495000e-14
9328. 2.430000e-14
9332. 2.379000e-14
9336. 2.413000e-14
9340. 2.191000e-14
9344. 2.358000e-14
9348. 2.423000e-14
9352. 2.331000e-14
9356. 2.357000e-14
9360. 2.367000e-14
9364. 2.250000e-14
9368. 1.977000e-14
9372. 2.311000e-14
9376. 2.475000e-14
9380. 2.413000e-14
9384. 2.411000e-14
9388. 2.521000e-14
9392. 2.513000e-14
9396. 2.259000e-14
9400. 2.214000e-14
9404. 2.364000e-14
9408. 2.336000e-14
9412. 2.205000e-14
9416. 2.143000e-14
9420. 2.284000e-14
9424. 2.232000e-14
9428. 2.337000e-14
9432. 2.651000e-14
9436. 2.299000e-14
9440. 2.039000e-14
9444. 2.177000e-14
9448. 2.681000e-14
9452. 2.283000e-14
9456. 2.297000e-14
9460. 2.286000e-14
9464. 2.358000e-14
9468. 2.479000e-14
9472. 2.637000e-14
9476. 2.233000e-14
9480. 2.399000e-14
9484. 2.428000e-14
9488. 2.472000e-14
9492. 2.435000e-14
9496. 2.298000e-14
9500. 2.444000e-14
9504. 2.505000e-14
9508. 2.468000e-14
9512. 2.438000e-14
9516. 2.511000e-14
9520. 2.400000e-14
9524. 2.669000e-14
9528. 3.307000e-14
9532. 4.702000e-14
9536. 5.493000e-14
9540. 4.885000e-14
9544. 3.414000e-14
9548. 2.507000e-14
9552. 2.554000e-14
9556. 2.385000e-14
9560. 2.368000e-14
9564. 2.423000e-14
9568. 2.394000e-14
9572. 2.483000e-14
9576. 2.421000e-14
9580. 2.283000e-14
9584. 2.453000e-14
9588. 2.431000e-14
9592. 2.353000e-14
9596. 2.326000e-14
9600. 2.356000e-14
9604. 2.452000e-14
9608. 2.307000e-14
9612. 2.293000e-14
9616. 2.347000e-14
9620. 2.314000e-14
9624. 2.351000e-14
9628. 2.310000e-14
9632. 2.323000e-14
9636. 2.430000e-14
9640. 2.329000e-14
9644. 2.254000e-14
9648. 2.413000e-14
9652. 2.437000e-14
9656. 2.361000e-14
9660. 2.411000e-14
9664. 2.310000e-14
9668. 2.212000e-14
9672. 2.374000e-14
9676. 2.314000e-14
9680. 2.395000e-14
9684. 2.227000e-14
9688. 2.345000e-14
9692. 2.296000e-14
9696. 2.248000e-14
9700. 2.541000e-14
9704. 2.358000e-14
9708. 2.464000e-14
9712. 2.532000e-14
9716. 2.305000e-14
9720. 2.389000e-14
9724. 2.514000e-14
9728. 2.347000e-14
9732. 2.327000e-14
9736. 2.232000e-14
9740. 2.473000e-14
9744. 2.233000e-14
9748. 2.212000e-14
9752. 2.318000e-14
9756. 2.429000e-14
9760. 2.230000e-14
9764. 2.477000e-14
9768. 2.401000e-14
9772. 2.306000e-14
9776. 2.464000e-14
9780. 2.397000e-14
9784. 2.340000e-14
9788. 2.221000e-14
9792. 2.301000e-14
9796. 2.274000e-14
9800. 2.219000e-14
9804. 2.326000e-14
9808. 2.442000e-14
9812. 2.541000e-14
9816. 2.327000e-14
9820. 2.203000e-14
9824. 2.299000e-14
9828. 2.366000e-14
9832. 2.360000e-14
9836. 2.364000e-14
9840. 2.405000e-14
9844. 2.386000e-14
9848. 2.392000e-14
9852. 2.517000e-14
9856. 2.475000e-14
9860. 2.414000e-14
9864. 2.226000e-14
9868. 2.161000e-14
9872. 2.253000e-14
9876. 2.536000e-14
9880. 2.513000e-14
9884. 2.024000e-14
9888. 2.257000e-14
9892. 2.374000e-14
9896. 2.292000e-14
9900. 2.447000e-14
9904. 2.407000e-14
9908. 2.582000e-14
9912. 2.703000e-14
9916. 2.519000e-14
9920. 2.517000e-14
9924. 2.765000e-14
9928. 2.684000e-14
9932. 2.175000e-14
9936. 2.249000e-14
9940. 2.286000e-14
9944. 2.115000e-14
9948. 1.324000e-14
9952. 2.142000e-14
9956. 2.427000e-14
9960. 1.727000e-14
9964. 1.779000e-14
9968. 2.488000e-14
9972. 2.227000e-14
9976. 1.383000e-14
9980. 1.462000e-14
9984. 1.176000e-14
9988. 1.451000e-14
9992. 0.
9996. 0.
10000. 0.
