1000. 0.
1004. 0.
1008. 0.
1012. 0.
1016. 0.
1020. 0.
1024. 0.
1028. 0.
1032. 0.
1036. 0.
1040. 0.
1044. 0.
1048. 0.
1052. 0.
1056. 0.
1060. 0.
1064. 0.
1068. 0.
1072. 0.
1076. 0.
1080. 0.
1084. 0.
1088. 0.
1092. 0.
1096. 0.
1100. 0.
1104. 0.
1108. 0.
1112. 0.
1116. 0.
1120. 0.
1124. 0.
1128. 0.
1132. 0.
1136. 0.
1140. 0.
1144. 0.
1148. 0.
1152. 0.
1156. 0.
1160. 0.
1164. 0.
1168. 0.
1172. 0.
1176. 0.
1180. 0.
1184. 0.
1188. 0.
1192. 0.
1196. 0.
1200. 0.
1204. 0.
1208. 0.
1212. 0.
1216. 0.
1220. 0.
1224. 0.
1228. 0.
1232. 1.519000e-14
1236. 1.163000e-14
1240. 1.038000e-14
1244. 8.708000e-15
1248. 8.476000e-15
1252. 4.170000e-15
1256. 1.461000e-14
1260. 7.400000e-15
1264. 9.135000e-15
1268. 5.562000e-15
1272. 6.062000e-15
1276. 1.543000e-14
1280. 6.498000e-15
1284. 8.939000e-15
1288. 1.015000e-14
1292. 8.685000e-16
1296. 6.167000e-15
1300. 5.277000e-15
1304. 6.000000e-15
1308. 4.447000e-15
1312. 2.506000e-15
1316. 6.243000e-15
1320. 2.103000e-15
1324. 4.863000e-15
1328. 4.087000e-15
1332. 1.015000e-15
1336. 6.263000e-15
1340. 9.631000e-15
1344. 5.672000e-15
1348. 2.359000e-15
1352. 9.007000e-15
1356. 6.745000e-15
1360. 5.948000e-15
1364. 7.430000e-15
1368. 4.355000e-15
1372. 6.954000e-15
1376. 7.674000e-15
1380. 1.194000e-14
1384. 6.133000e-15
1388. 6.478000e-17
1392. 7.940000e-15
1396. 1.342000e-16
1400. 4.320000e-15
1404. 3.787000e-15
1408. 1.103000e-14
1412. 2.379000e-15
1416. 5.187000e-16
1420. 4.099000e-15
1424. 6.317000e-15
1428. 2.745000e-15
1432. 5.201000e-15
1436. 8.409000e-15
1440. 7.296000e-15
1444. 1.117000e-14
1448. 1.099000e-14
1452. 5.414000e-15
1456. 4.465000e-15
1460. 8.108000e-15
1464. 1.657000e-16
1468. 9.636000e-15
1472. 9.062000e-15
1476. 1.498000e-14
1480. 1.136000e-14
1484. 8.544000e-15
1488. 1.178000e-14
1492. 9.652000e-15
1496. 1.083000e-14
1500. 4.146000e-15
1504. 9.470000e-15
1508. 5.347000e-15
1512. 3.311000e-15
1516. 4.951000e-16
1520. 9.057000e-15
1524. 1.012000e-14
1528. 6.830000e-15
1532. 7.147000e-15
1536. 8.804000e-15
1540. 6.863000e-15
1544. 7.733000e-15
1548. 4.312000e-15
1552. 7.351000e-15
1556. 5.617000e-15
1560. 1.225000e-15
1564. 4.744000e-15
1568. 8.154000e-15
1572. 9.164000e-15
1576. 3.092000e-15
1580. 6.155000e-15
1584. 9.884000e-15
1588. 5.737000e-15
1592. 2.102000e-15
1596. 2.186000e-15
1600. 1.038000e-14
1604. 5.039000e-15
1608. 4.065000e-15
1612. 3.460000e-15
1616. 8.040000e-15
1620. 8.475000e-16
1624. 1.050000e-15
1628. 4.750000e-15
1632. 5.059000e-15
1636. 3.683000e-17
1640. 3.120000e-15
1644. 1.051000e-15
1648. 4.151000e-15
1652. 1.647000e-15
1656. 6.594000e-15
1660. 7.972000e-15
1664. 8.468000e-15
1668. 4.787000e-15
1672. 4.004000e-15
1676. 3.092000e-16
1680. 5.510000e-15
1684. 1.892000e-15
1688. 1.387000e-15
1692. 6.888000e-15
1696. 6.520000e-15
1700. 4.389000e-15
1704. 4.248000e-15
1708. 5.333000e-15
1712. 2.964000e-15
1716. 5.971000e-15
1720. 1.036000e-14
1724. 8.668000e-15
1728. 6.761000e-15
1732. 8.513000e-15
1736. 6.486000e-15
1740. 7.894000e-15
1744. 5.808000e-15
1748. 6.746000e-15
1752. 7.710000e-15
1756. 6.744000e-15
1760. 5.127000e-15
1764. 3.569000e-15
1768. 5.237000e-15
1772. 2.703000e-15
1776. 5.256000e-15
1780. 7.395000e-15
1784. 3.986000e-15
1788. 2.229000e-15
1792. 2.425000e-15
1796. 5.338000e-15
1800. 4.080000e-15
1804. 6.007000e-15
1808. 5.478000e-15
1812. 4.896000e-15
1816. 4.803000e-15
1820. 5.338000e-15
1824. 5.113000e-15
1828. 7.480000e-15
1832. 6.431000e-15
1836. 4.704000e-15
1840. 4.148000e-15
1844. 5.009000e-15
1848. 5.356000e-15
1852. 3.057000e-15
1856. 2.133000e-15
1860. 6.750000e-15
1864. 5.185000e-15
1868. 6.685000e-15
1872. 7.278000e-15
1876. 5.936000e-15
1880. 5.175000e-15
1884. 5.658000e-15
1888. 5.827000e-15
1892. 7.104000e-15
1896. 3.829000e-15
1900. 4.480000e-15
1904. 5.114000e-15
1908. 5.122000e-15
1912. 4.208000e-15
1916. 3.733000e-15
1920. 2.995000e-15
1924. 2.135000e-15
1928. 2.701000e-15
1932. 4.900000e-15
1936. 6.813000e-15
1940. 8.105000e-15
1944. 7.733000e-15
1948. 4.673000e-15
1952. 4.562000e-15
1956. 3.263000e-15
1960. 4.929000e-15
1964. 2.269000e-15
1968. 4.305000e-15
1972. 2.017000e-15
1976. 3.019000e-15
1980. 1.616000e-15
1984. 1.879000e-15
1988. 2.034000e-15
1992. 9.441000e-15
1996. 5.477000e-15
2000. 1.296000e-15
2004. 1.090000e-15
2008. 8.214000e-15
2012. 6.468000e-15
2016. 5.058000e-15
2020. 4.845000e-15
2024. 3.019000e-16
2028. 4.743000e-15
2032. 7.448000e-15
2036. 5.021000e-15
2040. 1.591000e-14
2044. 2.134000e-15
2048. 8.111000e-15
2052. 4.705000e-15
2056. 6.086000e-15
2060. 9.614000e-15
2064. 3.963000e-15
2068. 1.007000e-14
2072. 8.367000e-15
2076. 1.454000e-14
2080. 4.603000e-15
2084. 3.552000e-15
2088. 6.873000e-15
2092. 3.713000e-16
2096. 7.361000e-15
2100. 3.857000e-15
2104. 1.415000e-14
2108. 1.217000e-15
2112. 4.777000e-15
2116. 6.142000e-15
2120. 2.239000e-15
2124. 4.742000e-15
2128. 4.107000e-15
2132. 3.782000e-15
2136. 3.849000e-15
2140. 1.467000e-14
2144. 4.298000e-15
2148. 6.278000e-15
2152. 6.614000e-15
2156. 7.412000e-15
2160. 7.315000e-15
2164. 1.044000e-15
2168. 2.973000e-15
2172. 3.289000e-15
2176. 9.029000e-15
2180. 3.526000e-15
2184. 5.829000e-15
2188. 1.570000e-15
2192. 5.093000e-15
2196. 6.059000e-15
2200. 6.915000e-15
2204. 3.251000e-17
2208. 4.358000e-15
2212. 1.256000e-15
2216. 1.133000e-15
2220. 6.820000e-15
2224. 1.156000e-15
2228. 9.167000e-15
2232. 7.466000e-16
2236. 9.585000e-15
2240. 9.175000e-15
2244. 6.267000e-15
2248. 8.105000e-15
2252. 9.539000e-15
2256. 5.276000e-15
2260. 3.022000e-15
2264. 4.434000e-15
2268. 8.876000e-15
2272. 6.601000e-15
2276. 7.968000e-15
2280. 7.532000e-16
2284. 3.260000e-15
2288. 6.116000e-15
2292. 3.128000e-15
2296. 4.632000e-15
2300. 1.814000e-15
2304. 4.219000e-15
2308. 5.494000e-15
2312. 5.811000e-15
2316. 3.621000e-15
2320. 3.876000e-15
2324. 1.324000e-15
2328. 4.968000e-15
2332. 7.297000e-15
2336. 2.387000e-15
2340. 1.766000e-15
2344. 7.853000e-15
2348. 2.453000e-15
2352. 9.993000e-16
2356. 5.621000e-15
2360. 5.509000e-15
2364. 5.607000e-15
2368. 4.190000e-15
2372. 6.451000e-15
2376. 5.038000e-15
2380. 1.481000e-15
2384. 2.209000e-15
2388. 5.998000e-15
2392. 4.930000e-15
2396. 6.595000e-15
2400. 6.272000e-15
2404. 5.917000e-15
2408. 3.670000e-15
2412. 4.251000e-15
2416. 1.924000e-15
2420. 3.460000e-15
2424. 5.628000e-15
2428. 4.830000e-15
2432. 4.698000e-15
2436. 4.202000e-15
2440. 5.367000e-15
2444. 3.906000e-15
2448. 3.639000e-15
2452. 5.757000e-15
2456. 5.193000e-15
2460. 3.068000e-15
2464. 4.206000e-15
2468. 4.876000e-15
2472. 4.598000e-15
2476. 5.227000e-15
2480. 5.009000e-15
2484. 5.441000e-15
2488. 3.534000e-15
2492. 3.955000e-15
2496. 3.696000e-15
2500. 4.622000e-15
2504. 1.282000e-17
2508. 3.078000e-15
2512. 5.400000e-15
2516. 3.025000e-15
2520. 2.843000e-15
2524. 3.387000e-15
2528. 3.375000e-15
2532. 4.594000e-15
2536. 4.796000e-15
2540. 3.949000e-15
2544. 4.893000e-15
2548. 2.627000e-15
2552. 2.891000e-15
2556. 3.774000e-15
2560. 4.440000e-15
2564. 3.510000e-15
2568. 4.852000e-15
2572. 3.632000e-15
2576. 4.451000e-15
2580. 3.562000e-15
2584. 4.417000e-15
2588. 4.088000e-15
2592. 5.083000e-15
2596. 3.627000e-15
2600. 4.005000e-15
2604. 4.937000e-15
2608. 5.015000e-15
2612. 3.215000e-15
2616. 4.668000e-15
2620. 5.135000e-15
2624. 5.360000e-15
2628. 4.688000e-15
2632. 4.706000e-15
2636. 5.287000e-15
2640. 4.979000e-15
2644. 5.921000e-15
2648. 5.253000e-15
2652. 6.016000e-15
2656. 6.127000e-15
2660. 5.760000e-15
2664. 4.672000e-15
2668. 6.150000e-15
2672. 6.329000e-15
2676. 5.030000e-15
2680. 4.976000e-15
2684. 6.219000e-15
2688. 7.000000e-15
2692. 5.739000e-15
2696. 5.242000e-15
2700. 5.106000e-15
2704. 5.560000e-15
2708. 5.283000e-15
2712. 6.535000e-15
2716. 6.241000e-15
2720. 5.390000e-15
2724. 5.323000e-15
2728. 5.917000e-15
2732. 5.395000e-15
2736. 5.022000e-15
2740. 4.531000e-15
2744. 4.876000e-15
2748. 5.507000e-15
2752. 5.063000e-15
2756. 4.907000e-15
2760. 5.010000e-15
2764. 4.599000e-15
2768. 5.277000e-15
2772. 5.270000e-15
2776. 4.433000e-15
2780. 4.414000e-15
2784. 3.861000e-15
2788. 4.022000e-15
2792. 3.520000e-15
2796. 2.590000e-15
2800. 3.770000e-15
2804. 3.580000e-15
2808. 4.506000e-15
2812. 4.485000e-15
2816. 5.233000e-15
2820. 5.991000e-15
2824. 6.342000e-15
2828. 5.892000e-15
2832. 6.750000e-15
2836. 7.197000e-15
2840. 6.860000e-15
2844. 5.774000e-15
2848. 6.036000e-15
2852. 7.010000e-15
2856. 5.587000e-15
2860. 6.080000e-15
2864. 6.853000e-15
2868. 7.438000e-15
2872. 7.706000e-15
2876. 7.299000e-15
2880. 7.460000e-15
2884. 6.938000e-15
2888. 6.587000e-15
2892. 8.425000e-15
2896. 8.702000e-15
2900. 9.067000e-15
2904. 8.119000e-15
2908. 8.318000e-15
2912. 8.599000e-15
2916. 8.619000e-15
2920. 7.818000e-15
2924. 7.647000e-15
2928. 6.446000e-15
2932. 8.258000e-15
2936. 7.997000e-15
2940. 7.905000e-15
2944. 7.785000e-15
2948. 7.792000e-15
2952. 7.885000e-15
2956. 8.475000e-15
2960. 8.832000e-15
2964. 9.368000e-15
2968. 9.168000e-15
2972. 8.731000e-15
2976. 8.776000e-15
2980. 9.701000e-15
2984. 9.469000e-15
2988. 8.640000e-15
2992. 8.263000e-15
2996. 8.251000e-15
3000. 7.816000e-15
3004. 8.370000e-15
3008. 7.651000e-15
3012. 8.067000e-15
3016. 7.649000e-15
3020. 8.054000e-15
3024. 9.309000e-15
3028. 9.773000e-15
3032. 9.424000e-15
3036. 1.071000e-14
3040. 1.069000e-14
3044. 1.050000e-14
3048. 1.097000e-14
3052. 9.237000e-15
3056. 8.990000e-15
3060. 9.280000e-15
3064. 9.800000e-15
3068. 9.864000e-15
3072. 7.065000e-15
3076. 8.778000e-15
3080. 1.011000e-14
3084. 8.851000e-15
3088. 8.273000e-15
3092. 1.095000e-14
3096. 1.137000e-14
3100. 9.163000e-15
3104. 9.470000e-15
3108. 1.171000e-14
3112. 1.305000e-14
3116. 1.054000e-14
3120. 7.804000e-15
3124. 1.020000e-14
3128. 1.116000e-14
3132. 1.227000e-14
3136. 1.251000e-14
3140. 1.708000e-14
3144. 1.494000e-14
3148. 1.586000e-14
3152. 1.348000e-14
3156. 1.101000e-14
3160. 1.267000e-14
3164. 1.674000e-14
3168. 1.542000e-14
3172. 1.095000e-14
3176. 1.001000e-14
3180. 1.263000e-14
3184. 1.148000e-14
3188. 9.243000e-15
3192. 1.375000e-14
3196. 1.398000e-14
3200. 1.463000e-14
3204. 8.489000e-15
3208. 4.770000e-15
3212. 1.012000e-14
3216. 1.109000e-14
3220. 1.217000e-14
3224. 1.070000e-14
3228. 9.581000e-15
3232. 8.832000e-15
3236. 7.158000e-15
3240. 9.211000e-15
3244. 8.555000e-15
3248. 1.015000e-14
3252. 1.244000e-14
3256. 1.065000e-14
3260. 1.109000e-14
3264. 6.746000e-15
3268. 6.472000e-15
3272. 1.003000e-14
3276. 9.101000e-15
3280. 1.120000e-14
3284. 9.435000e-15
3288. 9.159000e-15
3292. 9.750000e-15
3296. 1.202000e-14
3300. 9.224000e-15
3304. 1.050000e-14
3308. 1.084000e-14
3312. 9.837000e-15
3316. 1.094000e-14
3320. 9.925000e-15
3324. 7.984000e-15
3328. 1.013000e-14
3332. 8.718000e-15
3336. 9.749000e-15
3340. 9.905000e-15
3344. 1.073000e-14
3348. 8.523000e-15
3352. 1.072000e-14
3356. 9.455000e-15
3360. 9.046000e-15
3364. 9.764000e-15
3368. 8.338000e-15
3372. 9.436000e-15
3376. 1.029000e-14
3380. 8.765000e-15
3384. 1.074000e-14
3388. 9.246000e-15
3392. 9.296000e-15
3396. 9.286000e-15
3400. 1.008000e-14
3404. 8.535000e-15
3408. 8.571000e-15
3412. 8.545000e-15
3416. 9.050000e-15
3420. 9.647000e-15
3424. 9.455000e-15
3428. 1.044000e-14
3432. 8.957000e-15
3436. 8.984000e-15
3440. 8.356000e-15
3444. 9.252000e-15
3448. 8.813000e-15
3452. 9.797000e-15
3456. 9.399000e-15
3460. 9.219000e-15
3464. 8.752000e-15
3468. 1.071000e-14
3472. 9.600000e-15
3476. 9.973000e-15
3480. 1.022000e-14
3484. 8.632000e-15
3488. 8.455000e-15
3492. 9.827000e-15
3496. 9.554000e-15
3500. 9.212000e-15
3504. 1.088000e-14
3508. 1.128000e-14
3512. 1.107000e-14
3516. 9.827000e-15
3520. 1.011000e-14
3524. 9.142000e-15
3528. 8.463000e-15
3532. 9.160000e-15
3536. 9.310000e-15
3540. 1.077000e-14
3544. 1.031000e-14
3548. 1.005000e-14
3552. 9.379000e-15
3556. 9.497000e-15
3560. 1.006000e-14
3564. 9.342000e-15
3568. 9.560000e-15
3572. 8.739000e-15
3576. 8.371000e-15
3580. 8.999000e-15
3584. 7.368000e-15
3588. 8.998000e-15
3592. 9.156000e-15
3596. 9.964000e-15
3600. 1.301000e-14
3604. 1.118000e-14
3608. 9.885000e-15
3612. 9.539000e-15
3616. 9.291000e-15
3620. 1.045000e-14
3624. 1.049000e-14
3628. 1.143000e-14
3632. 1.216000e-14
3636. 1.133000e-14
3640. 1.235000e-14
3644. 1.053000e-14
3648. 9.687000e-15
3652. 1.015000e-14
3656. 1.121000e-14
3660. 1.240000e-14
3664. 1.276000e-14
3668. 1.264000e-14
3672. 1.167000e-14
3676. 1.127000e-14
3680. 1.133000e-14
3684. 1.123000e-14
3688. 1.110000e-14
3692. 1.131000e-14
3696. 1.130000e-14
3700. 1.324000e-14
3704. 1.131000e-14
3708. 9.876000e-15
3712. 1.106000e-14
3716. 1.103000e-14
3720. 1.267000e-14
3724. 1.209000e-14
3728. 1.466000e-14
3732. 1.471000e-14
3736. 1.136000e-14
3740. 1.059000e-14
3744. 1.008000e-14
3748. 9.225000e-15
3752. 9.885000e-15
3756. 1.005000e-14
3760. 1.117000e-14
3764. 1.025000e-14
3768. 1.062000e-14
3772. 1.155000e-14
3776. 1.233000e-14
3780. 1.285000e-14
3784. 1.251000e-14
3788. 1.299000e-14
3792. 1.146000e-14
3796. 1.054000e-14
3800. 1.020000e-14
3804. 1.137000e-14
3808. 1.214000e-14
3812. 1.352000e-14
3816. 1.224000e-14
3820. 1.203000e-14
3824. 1.087000e-14
3828. 1.022000e-14
3832. 9.944000e-15
3836. 8.033000e-15
3840. 8.739000e-15
3844. 1.049000e-14
3848. 1.137000e-14
3852. 1.166000e-14
3856. 1.168000e-14
3860. 1.266000e-14
3864. 1.216000e-14
3868. 1.287000e-14
3872. 1.265000e-14
3876. 1.141000e-14
3880. 1.152000e-14
3884. 1.057000e-14
3888. 1.038000e-14
3892. 1.083000e-14
3896. 1.184000e-14
3900. 1.239000e-14
3904. 1.290000e-14
3908. 1.362000e-14
3912. 1.463000e-14
3916. 1.493000e-14
3920. 1.356000e-14
3924. 1.202000e-14
3928. 1.058000e-14
3932. 9.015000e-15
3936. 8.435000e-15
3940. 9.027000e-15
3944. 1.163000e-14
3948. 1.265000e-14
3952. 1.443000e-14
3956. 1.382000e-14
3960. 1.272000e-14
3964. 1.148000e-14
3968. 8.579000e-15
3972. 8.812000e-15
3976. 1.129000e-14
3980. 1.376000e-14
3984. 1.476000e-14
3988. 1.591000e-14
3992. 1.783000e-14
3996. 1.784000e-14
4000. 1.857000e-14
4004. 1.824000e-14
4008. 1.709000e-14
4012. 1.820000e-14
4016. 1.930000e-14
4020. 1.936000e-14
4024. 2.029000e-14
4028. 1.977000e-14
4032. 1.906000e-14
4036. 1.811000e-14
4040. 1.907000e-14
4044. 1.915000e-14
4048. 1.850000e-14
4052. 1.848000e-14
4056. 1.881000e-14
4060. 1.784000e-14
4064. 1.857000e-14
4068. 1.804000e-14
4072. 1.850000e-14
4076. 1.801000e-14
4080. 1.833000e-14
4084. 1.943000e-14
4088. 1.945000e-14
4092. 1.852000e-14
4096. 1.743000e-14
4100. 1.693000e-14
4104. 1.606000e-14
4108. 1.706000e-14
4112. 1.766000e-14
4116. 1.808000e-14
4120. 1.813000e-14
4124. 1.862000e-14
4128. 1.891000e-14
4132. 1.932000e-14
4136. 1.966000e-14
4140. 1.905000e-14
4144. 1.777000e-14
4148. 1.915000e-14
4152. 1.827000e-14
4156. 1.769000e-14
4160. 1.959000e-14
4164. 1.960000e-14
4168. 1.934000e-14
4172. 1.892000e-14
4176. 1.825000e-14
4180. 1.888000e-14
4184. 1.918000e-14
4188. 1.959000e-14
4192. 2.005000e-14
4196. 2.015000e-14
4200. 1.849000e-14
4204. 1.866000e-14
4208. 2.013000e-14
4212. 1.928000e-14
4216. 2.057000e-14
4220. 2.017000e-14
4224. 1.945000e-14
4228. 1.954000e-14
4232. 1.878000e-14
4236. 1.978000e-14
4240. 1.958000e-14
4244. 1.991000e-14
4248. 2.003000e-14
4252. 1.962000e-14
4256. 1.876000e-14
4260. 1.943000e-14
4264. 2.073000e-14
4268. 2.060000e-14
4272. 2.021000e-14
4276. 1.906000e-14
4280. 1.968000e-14
4284. 1.973000e-14
4288. 1.954000e-14
4292. 1.852000e-14
4296. 1.875000e-14
4300. 1.688000e-14
4304. 1.609000e-14
4308. 1.547000e-14
4312. 1.693000e-14
4316. 1.865000e-14
4320. 2.015000e-14
4324. 2.070000e-14
4328. 1.985000e-14
4332. 1.973000e-14
4336. 1.980000e-14
4340. 1.886000e-14
4344. 1.868000e-14
4348. 1.937000e-14
4352. 2.061000e-14
4356. 2.077000e-14
4360. 2.105000e-14
4364. 2.196000e-14
4368. 2.222000e-14
4372. 2.130000e-14
4376. 2.064000e-14
4380. 1.990000e-14
4384. 1.799000e-14
4388. 1.778000e-14
4392. 1.837000e-14
4396. 1.958000e-14
4400. 2.024000e-14
4404. 2.006000e-14
4408. 2.025000e-14
4412. 2.021000e-14
4416. 2.144000e-14
4420. 2.135000e-14
4424. 2.171000e-14
4428. 2.139000e-14
4432. 2.109000e-14
4436. 2.170000e-14
4440. 2.071000e-14
4444. 2.135000e-14
4448. 2.151000e-14
4452. 2.189000e-14
4456. 2.145000e-14
4460. 2.073000e-14
4464. 2.110000e-14
4468. 2.149000e-14
4472. 2.203000e-14
4476. 2.330000e-14
4480. 2.336000e-14
4484. 2.420000e-14
4488. 2.343000e-14
4492. 2.311000e-14
4496. 2.194000e-14
4500. 2.242000e-14
4504. 2.473000e-14
4508. 2.580000e-14
4512. 2.510000e-14
4516. 2.471000e-14
4520. 2.456000e-14
4524. 2.290000e-14
4528. 2.163000e-14
4532. 2.168000e-14
4536. 2.192000e-14
4540. 2.203000e-14
4544. 2.343000e-14
4548. 2.411000e-14
4552. 2.290000e-14
4556. 2.272000e-14
4560. 2.426000e-14
4564. 2.373000e-14
4568. 2.421000e-14
4572. 2.445000e-14
4576. 2.449000e-14
4580. 2.434000e-14
4584. 2.393000e-14
4588. 2.456000e-14
4592. 2.508000e-14
4596. 2.571000e-14
4600. 2.529000e-14
4604. 2.497000e-14
4608. 2.448000e-14
4612. 2.464000e-14
4616. 2.549000e-14
4620. 2.635000e-14
4624. 2.595000e-14
4628. 2.576000e-14
4632. 2.642000e-14
4636. 2.499000e-14
4640. 2.453000e-14
4644. 2.397000e-14
4648. 2.477000e-14
4652. 2.418000e-14
4656. 2.553000e-14
4660. 2.638000e-14
4664. 2.527000e-14
4668. 2.495000e-14
4672. 2.506000e-14
4676. 2.421000e-14
4680. 2.463000e-14
4684. 2.368000e-14
4688. 2.385000e-14
4692. 2.445000e-14
4696. 2.478000e-14
4700. 2.432000e-14
4704. 2.428000e-14
4708. 2.410000e-14
4712. 2.415000e-14
4716. 2.483000e-14
4720. 2.614000e-14
4724. 2.568000e-14
4728. 2.539000e-14
4732. 2.491000e-14
4736. 2.561000e-14
4740. 2.555000e-14
4744. 2.471000e-14
4748. 2.599000e-14
4752. 2.613000e-14
4756. 2.469000e-14
4760. 2.463000e-14
4764. 2.389000e-14
4768. 2.419000e-14
4772. 2.558000e-14
4776. 2.532000e-14
4780. 2.542000e-14
4784. 2.527000e-14
4788. 2.548000e-14
4792. 2.585000e-14
4796. 2.587000e-14
4800. 2.628000e-14
4804. 2.636000e-14
4808. 2.577000e-14
4812. 2.648000e-14
4816. 2.627000e-14
4820. 2.661000e-14
4824. 2.612000e-14
4828. 2.541000e-14
4832. 2.542000e-14
4836. 2.516000e-14
4840. 2.554000e-14
4844. 2.595000e-14
4848. 2.522000e-14
4852. 2.563000e-14
4856. 2.489000e-14
4860. 2.343000e-14
4864. 2.410000e-14
4868. 2.295000e-14
4872. 2.187000e-14
4876. 2.275000e-14
4880. 2.293000e-14
4884. 2.291000e-14
4888. 2.260000e-14
4892. 2.311000e-14
4896. 2.416000e-14
4900. 2.552000e-14
4904. 2.614000e-14
4908. 2.591000e-14
4912. 2.581000e-14
4916. 2.533000e-14
4920. 2.602000e-14
4924. 2.402000e-14
4928. 2.397000e-14
4932. 2.506000e-14
4936. 2.403000e-14
4940. 2.461000e-14
4944. 2.511000e-14
4948. 2.577000e-14
4952. 2.599000e-14
4956. 2.646000e-14
4960. 2.487000e-14
4964. 2.444000e-14
4968. 2.498000e-14
4972. 2.425000e-14
4976. 2.496000e-14
4980. 2.427000e-14
4984. 2.279000e-14
4988. 2.350000e-14
4992. 2.466000e-14
4996. 2.432000e-14
5000. 2.486000e-14
5004. 2.409000e-14
5008. 2.497000e-14
5012. 2.509000e-14
5016. 2.369000e-14
5020. 2.365000e-14
5024. 2.399000e-14
5028. 2.437000e-14
5032. 2.561000e-14
5036. 2.485000e-14
5040. 2.402000e-14
5044. 2.424000e-14
5048. 2.456000e-14
5052. 2.510000e-14
5056. 2.438000e-14
5060. 2.500000e-14
5064. 2.636000e-14
5068. 2.576000e-14
5072. 2.600000e-14
5076. 2.492000e-14
5080. 2.378000e-14
5084. 2.446000e-14
5088. 2.541000e-14
5092. 2.448000e-14
5096. 2.553000e-14
5100. 2.495000e-14
5104. 2.434000e-14
5108. 2.514000e-14
5112. 2.528000e-14
5116. 2.550000e-14
5120. 2.586000e-14
5124. 2.534000e-14
5128. 2.407000e-14
5132. 2.358000e-14
5136. 2.535000e-14
5140. 2.399000e-14
5144. 2.463000e-14
5148. 2.438000e-14
5152. 2.465000e-14
5156. 2.456000e-14
5160. 2.385000e-14
5164. 2.460000e-14
5168. 2.226000e-14
5172. 1.967000e-14
5176. 2.111000e-14
5180. 2.222000e-14
5184. 2.277000e-14
5188. 2.205000e-14
5192. 2.357000e-14
5196. 2.445000e-14
5200. 2.423000e-14
5204. 2.654000e-14
5208. 2.490000e-14
5212. 2.454000e-14
5216. 2.408000e-14
5220. 2.544000e-14
5224. 2.478000e-14
5228. 2.316000e-14
5232. 2.431000e-14
5236. 2.591000e-14
5240. 2.580000e-14
5244. 2.720000e-14
5248. 2.520000e-14
5252. 2.574000e-14
5256. 2.513000e-14
5260. 2.539000e-14
5264. 2.465000e-14
5268. 2.184000e-14
5272. 2.178000e-14
5276. 2.388000e-14
5280. 2.587000e-14
5284. 2.612000e-14
5288. 2.597000e-14
5292. 2.786000e-14
5296. 2.684000e-14
5300. 2.576000e-14
5304. 2.627000e-14
5308. 2.768000e-14
5312. 2.690000e-14
5316. 2.652000e-14
5320. 2.720000e-14
5324. 2.616000e-14
5328. 2.638000e-14
5332. 2.458000e-14
5336. 2.616000e-14
5340. 2.579000e-14
5344. 2.595000e-14
5348. 2.536000e-14
5352. 2.718000e-14
5356. 2.720000e-14
5360. 2.738000e-14
5364. 2.802000e-14
5368. 2.613000e-14
5372. 2.555000e-14
5376. 2.636000e-14
5380. 2.597000e-14
5384. 2.773000e-14
5388. 2.717000e-14
5392. 2.717000e-14
5396. 2.559000e-14
5400. 2.657000e-14
5404. 2.609000e-14
5408. 2.741000e-14
5412. 2.699000e-14
5416. 2.637000e-14
5420. 2.678000e-14
5424. 2.684000e-14
5428. 2.702000e-14
5432. 2.736000e-14
5436. 2.648000e-14
5440. 2.598000e-14
5444. 2.762000e-14
5448. 2.842000e-14
5452. 2.795000e-14
5456. 8.247000e-15
5460. 8.689000e-15
5464. 2.701000e-14
5468. 2.647000e-14
5472. 8.535000e-15
5476. 8.174000e-15
5480. 2.648000e-14
5484. 2.610000e-14
5488. 2.527000e-14
5492. 2.661000e-14
5496. 2.640000e-14
5500. 2.802000e-14
5504. 2.653000e-14
5508. 2.724000e-14
5512. 2.636000e-14
5516. 3.226000e-14
5520. 3.408000e-14
5524. 2.787000e-14
5528. 2.510000e-14
5532. 2.599000e-14
5536. 2.566000e-14
5540. 2.725000e-14
5544. 2.818000e-14
5548. 2.708000e-14
5552. 2.746000e-14
5556. 2.680000e-14
5560. 2.617000e-14
5564. 2.644000e-14
5568. 2.638000e-14
5572. 2.815000e-14
5576. 2.736000e-14
5580. 2.633000e-14
5584. 2.597000e-14
5588. 2.574000e-14
5592. 2.569000e-14
5596. 2.547000e-14
5600. 2.617000e-14
5604. 2.556000e-14
5608. 2.680000e-14
5612. 2.720000e-14
5616. 2.852000e-14
5620. 2.779000e-14
5624. 2.819000e-14
5628. 2.671000e-14
5632. 2.701000e-14
5636. 2.695000e-14
5640. 2.727000e-14
5644. 2.607000e-14
5648. 2.694000e-14
5652. 2.650000e-14
5656. 2.683000e-14
5660. 2.658000e-14
5664. 2.525000e-14
5668. 2.720000e-14
5672. 2.636000e-14
5676. 2.835000e-14
5680. 2.657000e-14
5684. 2.801000e-14
5688. 2.767000e-14
5692. 2.920000e-14
5696. 2.868000e-14
5700. 2.743000e-14
5704. 2.734000e-14
5708. 2.556000e-14
5712. 2.617000e-14
5716. 2.729000e-14
5720. 2.783000e-14
5724. 2.866000e-14
5728. 2.890000e-14
5732. 2.836000e-14
5736. 2.949000e-14
5740. 2.937000e-14
5744. 2.746000e-14
5748. 2.743000e-14
5752. 2.930000e-14
5756. 2.784000e-14
5760. 2.740000e-14
5764. 2.818000e-14
5768. 2.739000e-14
5772. 2.796000e-14
5776. 2.924000e-14
5780. 2.865000e-14
5784. 2.863000e-14
5788. 2.851000e-14
5792. 2.735000e-14
5796. 2.851000e-14
5800. 2.933000e-14
5804. 2.841000e-14
5808. 2.797000e-14
5812. 2.718000e-14
5816. 2.774000e-14
5820. 2.823000e-14
5824. 2.747000e-14
5828. 2.847000e-14
5832. 2.965000e-14
5836. 3.032000e-14
5840. 2.906000e-14
5844. 2.813000e-14
5848. 2.815000e-14
5852. 2.950000e-14
5856. 2.823000e-14
5860. 2.980000e-14
5864. 2.932000e-14
5868. 2.850000e-14
5872. 2.884000e-14
5876. 2.977000e-14
5880. 2.833000e-14
5884. 2.917000e-14
5888. 2.713000e-14
5892. 2.358000e-14
5896. 2.319000e-14
5900. 2.353000e-14
5904. 2.586000e-14
5908. 2.641000e-14
5912. 2.722000e-14
5916. 2.640000e-14
5920. 2.726000e-14
5924. 2.586000e-14
5928. 2.561000e-14
5932. 2.620000e-14
5936. 2.686000e-14
5940. 2.807000e-14
5944. 2.825000e-14
5948. 2.668000e-14
5952. 2.826000e-14
5956. 2.574000e-14
5960. 2.810000e-14
5964. 2.866000e-14
5968. 2.738000e-14
5972. 2.810000e-14
5976. 2.837000e-14
5980. 2.650000e-14
5984. 2.550000e-14
5988. 2.579000e-14
5992. 2.720000e-14
5996. 2.750000e-14
6000. 2.625000e-14
6004. 2.764000e-14
6008. 2.604000e-14
6012. 2.613000e-14
6016. 2.477000e-14
6020. 2.587000e-14
6024. 2.705000e-14
6028. 2.674000e-14
6032. 2.664000e-14
6036. 2.611000e-14
6040. 2.580000e-14
6044. 2.772000e-14
6048. 2.724000e-14
6052. 2.756000e-14
6056. 2.864000e-14
6060. 2.848000e-14
6064. 2.779000e-14
6068. 2.708000e-14
6072. 2.708000e-14
6076. 2.558000e-14
6080. 2.722000e-14
6084. 2.521000e-14
6088. 2.719000e-14
6092. 2.593000e-14
6096. 2.874000e-14
6100. 2.545000e-14
6104. 2.689000e-14
6108. 2.712000e-14
6112. 2.801000e-14
6116. 2.798000e-14
6120. 2.769000e-14
6124. 2.796000e-14
6128. 2.721000e-14
6132. 2.718000e-14
6136. 2.728000e-14
6140. 2.560000e-14
6144. 2.711000e-14
6148. 2.607000e-14
6152. 2.624000e-14
6156. 2.537000e-14
6160. 2.582000e-14
6164. 2.539000e-14
6168. 2.496000e-14
6172. 2.332000e-14
6176. 2.399000e-14
6180. 2.562000e-14
6184. 2.719000e-14
6188. 2.659000e-14
6192. 2.643000e-14
6196. 2.676000e-14
6200. 2.823000e-14
6204. 2.768000e-14
6208. 2.573000e-14
6212. 2.576000e-14
6216. 2.523000e-14
6220. 2.569000e-14
6224. 2.494000e-14
6228. 2.715000e-14
6232. 2.395000e-14
6236. 2.612000e-14
6240. 2.520000e-14
6244. 2.600000e-14
6248. 2.486000e-14
6252. 2.603000e-14
6256. 2.573000e-14
6260. 2.799000e-14
6264. 2.623000e-14
6268. 2.733000e-14
6272. 2.694000e-14
6276. 2.733000e-14
6280. 2.788000e-14
6284. 2.709000e-14
6288. 2.770000e-14
6292. 2.834000e-14
6296. 2.825000e-14
6300. 2.836000e-14
6304. 2.765000e-14
6308. 2.793000e-14
6312. 2.724000e-14
6316. 2.710000e-14
6320. 2.743000e-14
6324. 2.752000e-14
6328. 2.849000e-14
6332. 2.777000e-14
6336. 2.746000e-14
6340. 2.712000e-14
6344. 2.760000e-14
6348. 2.693000e-14
6352. 2.775000e-14
6356. 2.752000e-14
6360. 2.773000e-14
6364. 2.766000e-14
6368. 2.772000e-14
6372. 2.825000e-14
6376. 2.898000e-14
6380. 2.873000e-14
6384. 2.917000e-14
6388. 2.842000e-14
6392. 2.843000e-14
6396. 2.810000e-14
6400. 2.844000e-14
6404. 2.869000e-14
6408. 2.830000e-14
6412. 2.793000e-14
6416. 2.793000e-14
6420. 2.785000e-14
6424. 2.847000e-14
6428. 2.749000e-14
6432. 2.839000e-14
6436. 2.734000e-14
6440. 2.858000e-14
6444. 2.896000e-14
6448. 2.825000e-14
6452. 2.780000e-14
6456. 2.827000e-14
6460. 2.882000e-14
6464. 2.901000e-14
6468. 2.811000e-14
6472. 2.774000e-14
6476. 2.871000e-14
6480. 2.858000e-14
6484. 2.831000e-14
6488. 2.789000e-14
6492. 2.750000e-14
6496. 2.708000e-14
6500. 2.708000e-14
6504. 2.754000e-14
6508. 2.747000e-14
6512. 2.876000e-14
6516. 2.815000e-14
6520. 2.828000e-14
6524. 2.837000e-14
6528. 2.847000e-14
6532. 2.895000e-14
6536. 2.868000e-14
6540. 2.932000e-14
6544. 2.885000e-14
6548. 2.988000e-14
6552. 2.973000e-14
6556. 2.887000e-14
6560. 3.148000e-14
6564. 3.354000e-14
6568. 3.260000e-14
6572. 2.864000e-14
6576. 2.822000e-14
6580. 3.035000e-14
6584. 3.295000e-14
6588. 3.264000e-14
6592. 2.936000e-14
6596. 2.741000e-14
6600. 2.767000e-14
6604. 2.716000e-14
6608. 2.713000e-14
6612. 2.850000e-14
6616. 2.784000e-14
6620. 2.855000e-14
6624. 2.773000e-14
6628. 2.718000e-14
6632. 2.689000e-14
6636. 2.735000e-14
6640. 2.765000e-14
6644. 2.753000e-14
6648. 2.758000e-14
6652. 2.757000e-14
6656. 2.737000e-14
6660. 2.769000e-14
6664. 2.739000e-14
6668. 2.735000e-14
6672. 2.724000e-14
6676. 2.793000e-14
6680. 2.711000e-14
6684. 2.677000e-14
6688. 2.774000e-14
6692. 2.718000e-14
6696. 2.700000e-14
6700. 2.731000e-14
6704. 2.732000e-14
6708. 2.764000e-14
6712. 2.796000e-14
6716. 2.908000e-14
6720. 2.878000e-14
6724. 2.837000e-14
6728. 2.930000e-14
6732. 2.925000e-14
6736. 2.905000e-14
6740. 2.781000e-14
6744. 2.765000e-14
6748. 2.783000e-14
6752. 2.672000e-14
6756. 2.685000e-14
6760. 2.759000e-14
6764. 2.705000e-14
6768. 2.672000e-14
6772. 2.723000e-14
6776. 2.794000e-14
6780. 2.725000e-14
6784. 2.789000e-14
6788. 2.783000e-14
6792. 2.678000e-14
6796. 2.749000e-14
6800. 2.750000e-14
6804. 2.752000e-14
6808. 2.770000e-14
6812. 2.765000e-14
6816. 2.768000e-14
6820. 2.796000e-14
6824. 2.779000e-14
6828. 2.713000e-14
6832. 2.696000e-14
6836. 2.736000e-14
6840. 2.726000e-14
6844. 2.694000e-14
6848. 2.681000e-14
6852. 2.730000e-14
6856. 2.659000e-14
6860. 2.695000e-14
6864. 2.691000e-14
6868. 2.712000e-14
6872. 2.731000e-14
6876. 2.757000e-14
6880. 2.730000e-14
6884. 2.720000e-14
6888. 2.754000e-14
6892. 2.810000e-14
6896. 2.804000e-14
6900. 2.809000e-14
6904. 2.840000e-14
6908. 2.926000e-14
6912. 2.857000e-14
6916. 2.805000e-14
6920. 2.822000e-14
6924. 2.791000e-14
6928. 2.808000e-14
6932. 2.752000e-14
6936. 2.805000e-14
6940. 2.823000e-14
6944. 2.835000e-14
6948. 2.798000e-14
6952. 2.795000e-14
6956. 2.806000e-14
6960. 2.849000e-14
6964. 2.803000e-14
6968. 2.849000e-14
6972. 2.889000e-14
6976. 2.806000e-14
6980. 2.768000e-14
6984. 2.769000e-14
6988. 2.897000e-14
6992. 2.885000e-14
6996. 2.812000e-14
7000. 2.813000e-14
7004. 2.775000e-14
7008. 2.800000e-14
7012. 2.841000e-14
7016. 2.759000e-14
7020. 2.799000e-14
7024. 2.793000e-14
7028. 2.823000e-14
7032. 2.831000e-14
7036. 2.800000e-14
7040. 2.820000e-14
7044. 2.912000e-14
7048. 2.924000e-14
7052. 2.864000e-14
7056. 2.717000e-14
7060. 2.718000e-14
7064. 2.706000e-14
7068. 2.673000e-14
7072. 2.686000e-14
7076. 2.720000e-14
7080. 2.710000e-14
7084. 2.661000e-14
7088. 2.644000e-14
7092. 2.633000e-14
7096. 2.608000e-14
7100. 2.627000e-14
7104. 2.574000e-14
7108. 2.620000e-14
7112. 2.636000e-14
7116. 2.619000e-14
7120. 2.645000e-14
7124. 2.544000e-14
7128. 2.551000e-14
7132. 2.539000e-14
7136. 2.563000e-14
7140. 2.567000e-14
7144. 2.551000e-14
7148. 2.548000e-14
7152. 2.589000e-14
7156. 2.648000e-14
7160. 2.640000e-14
7164. 2.591000e-14
7168. 2.666000e-14
7172. 2.519000e-14
7176. 2.595000e-14
7180. 2.639000e-14
7184. 2.579000e-14
7188. 2.489000e-14
7192. 2.529000e-14
7196. 2.580000e-14
7200. 2.601000e-14
7204. 2.671000e-14
7208. 2.616000e-14
7212. 2.502000e-14
7216. 2.565000e-14
7220. 2.582000e-14
7224. 2.615000e-14
7228. 2.689000e-14
7232. 2.665000e-14
7236. 2.644000e-14
7240. 2.645000e-14
7244. 2.648000e-14
7248. 2.667000e-14
7252. 2.637000e-14
7256. 2.671000e-14
7260. 2.662000e-14
7264. 2.746000e-14
7268. 2.642000e-14
7272. 2.749000e-14
7276. 2.719000e-14
7280. 2.675000e-14
7284. 2.624000e-14
7288. 2.619000e-14
7292. 2.658000e-14
7296. 2.708000e-14
7300. 2.706000e-14
7304. 2.708000e-14
7308. 2.817000e-14
7312. 2.780000e-14
7316. 2.785000e-14
7320. 2.739000e-14
7324. 2.790000e-14
7328. 2.797000e-14
7332. 2.655000e-14
7336. 2.803000e-14
7340. 2.778000e-14
7344. 2.785000e-14
7348. 2.819000e-14
7352. 2.666000e-14
7356. 2.734000e-14
7360. 2.752000e-14
7364. 2.712000e-14
7368. 2.696000e-14
7372. 2.795000e-14
7376. 2.848000e-14
7380. 2.842000e-14
7384. 2.856000e-14
7388. 2.741000e-14
7392. 2.820000e-14
7396. 2.761000e-14
7400. 2.868000e-14
7404. 2.834000e-14
7408. 2.817000e-14
7412. 2.852000e-14
7416. 2.756000e-14
7420. 2.775000e-14
7424. 2.754000e-14
7428. 2.802000e-14
7432. 2.801000e-14
7436. 2.833000e-14
7440. 2.828000e-14
7444. 2.869000e-14
7448. 2.867000e-14
7452. 2.848000e-14
7456. 2.800000e-14
7460. 2.929000e-14
7464. 2.860000e-14
7468. 2.819000e-14
7472. 2.844000e-14
7476. 2.869000e-14
7480. 2.852000e-14
7484. 2.850000e-14
7488. 2.894000e-14
7492. 2.862000e-14
7496. 2.840000e-14
7500. 2.766000e-14
7504. 2.820000e-14
7508. 2.791000e-14
7512. 2.771000e-14
7516. 2.774000e-14
7520. 2.803000e-14
7524. 2.796000e-14
7528. 2.772000e-14
7532. 2.772000e-14
7536. 2.775000e-14
7540. 2.787000e-14
7544. 2.793000e-14
7548. 2.785000e-14
7552. 2.779000e-14
7556. 2.774000e-14
7560. 2.768000e-14
7564. 2.763000e-14
7568. 2.757000e-14
7572. 2.752000e-14
7576. 2.729000e-14
7580. 2.755000e-14
7584. 2.730000e-14
7588. 2.750000e-14
7592. 2.799000e-14
7596. 2.762000e-14
7600. 2.691000e-14
7604. 2.630000e-14
7608. 2.761000e-14
7612. 2.772000e-14
7616. 2.776000e-14
7620. 2.764000e-14
7624. 2.636000e-14
7628. 2.713000e-14
7632. 2.810000e-14
7636. 2.749000e-14
7640. 2.762000e-14
7644. 2.732000e-14
7648. 2.686000e-14
7652. 2.700000e-14
7656. 2.691000e-14
7660. 2.629000e-14
7664. 2.610000e-14
7668. 2.593000e-14
7672. 2.584000e-14
7676. 2.631000e-14
7680. 2.613000e-14
7684. 2.664000e-14
7688. 2.708000e-14
7692. 2.638000e-14
7696. 2.560000e-14
7700. 2.573000e-14
7704. 2.632000e-14
7708. 2.667000e-14
7712. 2.691000e-14
7716. 2.667000e-14
7720. 2.613000e-14
7724. 2.636000e-14
7728. 2.626000e-14
7732. 2.673000e-14
7736. 2.765000e-14
7740. 2.792000e-14
7744. 2.660000e-14
7748. 2.679000e-14
7752. 2.601000e-14
7756. 2.651000e-14
7760. 2.701000e-14
7764. 2.724000e-14
7768. 2.708000e-14
7772. 2.692000e-14
7776. 2.669000e-14
7780. 2.758000e-14
7784. 2.713000e-14
7788. 2.681000e-14
7792. 2.659000e-14
7796. 2.796000e-14
7800. 2.705000e-14
7804. 2.739000e-14
7808. 2.730000e-14
7812. 2.774000e-14
7816. 2.708000e-14
7820. 2.794000e-14
7824. 2.728000e-14
7828. 2.763000e-14
7832. 2.792000e-14
7836. 2.655000e-14
7840. 2.758000e-14
7844. 2.627000e-14
7848. 2.736000e-14
7852. 2.707000e-14
7856. 2.688000e-14
7860. 2.670000e-14
7864. 2.700000e-14
7868. 2.779000e-14
7872. 2.752000e-14
7876. 2.717000e-14
7880. 2.750000e-14
7884. 2.678000e-14
7888. 2.686000e-14
7892. 2.618000e-14
7896. 2.613000e-14
7900. 2.699000e-14
7904. 2.627000e-14
7908. 2.698000e-14
7912. 2.622000e-14
7916. 2.600000e-14
7920. 2.577000e-14
7924. 2.541000e-14
7928. 2.667000e-14
7932. 2.610000e-14
7936. 2.568000e-14
7940. 2.543000e-14
7944. 2.546000e-14
7948. 2.641000e-14
7952. 2.590000e-14
7956. 2.625000e-14
7960. 2.607000e-14
7964. 2.689000e-14
7968. 2.724000e-14
7972. 2.670000e-14
7976. 2.668000e-14
7980. 2.667000e-14
7984. 2.760000e-14
7988. 2.611000e-14
7992. 2.698000e-14
7996. 2.731000e-14
8000. 2.673000e-14
8004. 2.738000e-14
8008. 2.770000e-14
8012. 2.813000e-14
8016. 2.872000e-14
8020. 2.804000e-14
8024. 2.794000e-14
8028. 2.881000e-14
8032. 2.690000e-14
8036. 2.731000e-14
8040. 2.829000e-14
8044. 2.804000e-14
8048. 2.730000e-14
8052. 2.680000e-14
8056. 2.715000e-14
8060. 2.752000e-14
8064. 2.741000e-14
8068. 2.649000e-14
8072. 2.652000e-14
8076. 2.673000e-14
8080. 2.632000e-14
8084. 2.676000e-14
8088. 2.706000e-14
8092. 2.683000e-14
8096. 2.637000e-14
8100. 2.596000e-14
8104. 2.668000e-14
8108. 2.657000e-14
8112. 2.685000e-14
8116. 2.664000e-14
8120. 2.773000e-14
8124. 2.773000e-14
8128. 2.776000e-14
8132. 2.841000e-14
8136. 2.804000e-14
8140. 2.752000e-14
8144. 2.881000e-14
8148. 2.759000e-14
8152. 2.746000e-14
8156. 2.787000e-14
8160. 2.882000e-14
8164. 2.884000e-14
8168. 2.906000e-14
8172. 2.864000e-14
8176. 2.841000e-14
8180. 2.810000e-14
8184. 2.847000e-14
8188. 2.691000e-14
8192. 2.698000e-14
8196. 2.705000e-14
8200. 2.710000e-14
8204. 2.606000e-14
8208. 2.700000e-14
8212. 2.661000e-14
8216. 2.654000e-14
8220. 2.619000e-14
8224. 2.667000e-14
8228. 2.704000e-14
8232. 2.752000e-14
8236. 2.718000e-14
8240. 2.733000e-14
8244. 2.770000e-14
8248. 2.801000e-14
8252. 2.746000e-14
8256. 2.806000e-14
8260. 2.761000e-14
8264. 2.708000e-14
8268. 2.777000e-14
8272. 2.717000e-14
8276. 2.768000e-14
8280. 2.700000e-14
8284. 2.679000e-14
8288. 2.801000e-14
8292. 2.701000e-14
8296. 2.756000e-14
8300. 2.710000e-14
8304. 2.629000e-14
8308. 2.607000e-14
8312. 2.686000e-14
8316. 2.722000e-14
8320. 2.743000e-14
8324. 2.690000e-14
8328. 2.625000e-14
8332. 2.611000e-14
8336. 2.564000e-14
8340. 2.625000e-14
8344. 2.599000e-14
8348. 2.541000e-14
8352. 2.665000e-14
8356. 2.586000e-14
8360. 2.583000e-14
8364. 2.689000e-14
8368. 2.687000e-14
8372. 2.680000e-14
8376. 2.687000e-14
8380. 2.669000e-14
8384. 2.622000e-14
8388. 2.618000e-14
8392. 2.615000e-14
8396. 2.667000e-14
8400. 2.669000e-14
8404. 2.675000e-14
8408. 2.720000e-14
8412. 2.738000e-14
8416. 2.683000e-14
8420. 2.658000e-14
8424. 2.631000e-14
8428. 2.580000e-14
8432. 2.637000e-14
8436. 2.604000e-14
8440. 2.590000e-14
8444. 2.546000e-14
8448. 2.589000e-14
8452. 2.626000e-14
8456. 2.675000e-14
8460. 2.661000e-14
8464. 2.552000e-14
8468. 2.580000e-14
8472. 2.581000e-14
8476. 2.576000e-14
8480. 2.611000e-14
8484. 2.587000e-14
8488. 2.597000e-14
8492. 2.553000e-14
8496. 2.508000e-14
8500. 2.370000e-14
8504. 2.400000e-14
8508. 2.566000e-14
8512. 2.586000e-14
8516. 2.528000e-14
8520. 2.569000e-14
8524. 2.511000e-14
8528. 2.554000e-14
8532. 2.568000e-14
8536. 2.425000e-14
8540. 2.192000e-14
8544. 2.080000e-14
8548. 2.085000e-14
8552. 2.350000e-14
8556. 2.528000e-14
8560. 2.629000e-14
8564. 2.649000e-14
8568. 2.655000e-14
8572. 2.588000e-14
8576. 2.654000e-14
8580. 2.715000e-14
8584. 2.660000e-14
8588. 2.664000e-14
8592. 2.716000e-14
8596. 2.874000e-14
8600. 2.884000e-14
8604. 2.721000e-14
8608. 2.719000e-14
8612. 2.724000e-14
8616. 2.687000e-14
8620. 2.705000e-14
8624. 2.713000e-14
8628. 2.693000e-14
8632. 2.743000e-14
8636. 2.749000e-14
8640. 2.743000e-14
8644. 2.749000e-14
8648. 2.678000e-14
8652. 2.708000e-14
8656. 2.652000e-14
8660. 2.412000e-14
8664. 2.360000e-14
8668. 2.293000e-14
8672. 2.441000e-14
8676. 2.597000e-14
8680. 2.583000e-14
8684. 2.531000e-14
8688. 2.671000e-14
8692. 2.683000e-14
8696. 2.663000e-14
8700. 2.602000e-14
8704. 2.728000e-14
8708. 2.737000e-14
8712. 2.766000e-14
8716. 2.716000e-14
8720. 2.796000e-14
8724. 2.719000e-14
8728. 2.741000e-14
8732. 2.806000e-14
8736. 2.851000e-14
8740. 2.779000e-14
8744. 2.692000e-14
8748. 2.610000e-14
8752. 2.636000e-14
8756. 2.671000e-14
8760. 2.733000e-14
8764. 2.734000e-14
8768. 2.723000e-14
8772. 2.752000e-14
8776. 2.756000e-14
8780. 2.769000e-14
8784. 2.832000e-14
8788. 2.713000e-14
8792. 2.760000e-14
8796. 2.791000e-14
8800. 3.210000e-14
8804. 2.947000e-14
8808. 2.623000e-14
8812. 2.719000e-14
8816. 2.698000e-14
8820. 2.751000e-14
8824. 2.729000e-14
8828. 2.786000e-14
8832. 2.755000e-14
8836. 2.773000e-14
8840. 2.702000e-14
8844. 2.783000e-14
8848. 2.758000e-14
8852. 2.843000e-14
8856. 2.863000e-14
8860. 2.859000e-14
8864. 2.747000e-14
8868. 2.777000e-14
8872. 2.664000e-14
8876. 2.652000e-14
8880. 2.627000e-14
8884. 2.686000e-14
8888. 2.753000e-14
8892. 2.718000e-14
8896. 2.804000e-14
8900. 2.723000e-14
8904. 2.634000e-14
8908. 2.748000e-14
8912. 2.710000e-14
8916. 2.670000e-14
8920. 2.672000e-14
8924. 2.646000e-14
8928. 2.774000e-14
8932. 2.773000e-14
8936. 2.858000e-14
8940. 2.826000e-14
8944. 2.643000e-14
8948. 2.620000e-14
8952. 2.698000e-14
8956. 2.771000e-14
8960. 2.792000e-14
8964. 2.721000e-14
8968. 2.736000e-14
8972. 2.676000e-14
8976. 2.754000e-14
8980. 2.767000e-14
8984. 2.773000e-14
8988. 2.815000e-14
8992. 2.828000e-14
8996. 2.823000e-14
9000. 2.842000e-14
9004. 2.752000e-14
9008. 2.857000e-14
9012. 2.639000e-14
9016. 2.703000e-14
9020. 2.561000e-14
9024. 2.613000e-14
9028. 2.730000e-14
9032. 2.687000e-14
9036. 2.751000e-14
9040. 2.851000e-14
9044. 2.759000e-14
9048. 2.809000e-14
9052. 2.758000e-14
9056. 2.769000e-14
9060. 2.860000e-14
9064. 2.793000e-14
9068. 2.784000e-14
9072. 2.807000e-14
9076. 2.750000e-14
9080. 2.798000e-14
9084. 2.755000e-14
9088. 2.580000e-14
9092. 2.661000e-14
9096. 2.692000e-14
9100. 2.729000e-14
9104. 2.718000e-14
9108. 2.748000e-14
9112. 2.822000e-14
9116. 2.714000e-14
9120. 2.750000e-14
9124. 2.741000e-14
9128. 2.840000e-14
9132. 2.757000e-14
9136. 2.754000e-14
9140. 2.928000e-14
9144. 2.794000e-14
9148. 2.783000e-14
9152. 2.729000e-14
9156. 2.743000e-14
9160. 2.745000e-14
9164. 2.807000e-14
9168. 2.831000e-14
9172. 2.797000e-14
9176. 2.744000e-14
9180. 2.737000e-14
9184. 2.725000e-14
9188. 2.745000e-14
9192. 2.774000e-14
9196. 2.681000e-14
9200. 2.695000e-14
9204. 2.706000e-14
9208. 2.608000e-14
9212. 2.623000e-14
9216. 2.741000e-14
9220. 2.538000e-14
9224. 2.519000e-14
9228. 2.609000e-14
9232. 2.464000e-14
9236. 2.449000e-14
9240. 2.499000e-14
9244. 2.580000e-14
9248. 2.573000e-14
9252. 2.407000e-14
9256. 2.143000e-14
9260. 2.721000e-14
9264. 2.758000e-14
9268. 2.488000e-14
9272. 2.718000e-14
9276. 2.881000e-14
9280. 2.627000e-14
9284. 2.850000e-14
9288. 2.615000e-14
9292. 2.254000e-14
9296. 2.543000e-14
9300. 2.580000e-14
9304. 2.605000e-14
9308. 2.602000e-14
9312. 2.645000e-14
9316. 2.630000e-14
9320. 2.658000e-14
9324. 2.721000e-14
9328. 2.606000e-14
9332. 2.805000e-14
9336. 2.679000e-14
9340. 2.559000e-14
9344. 2.505000e-14
9348. 2.841000e-14
9352. 2.414000e-14
9356. 2.257000e-14
9360. 3.402000e-14
9364. 3.956000e-14
9368. 2.779000e-14
9372. 2.448000e-14
9376. 2.499000e-14
9380. 2.632000e-14
9384. 2.585000e-14
9388. 2.524000e-14
9392. 2.473000e-14
9396. 2.443000e-14
9400. 1.912000e-14
9404. 2.200000e-14
9408. 2.538000e-14
9412. 2.512000e-14
9416. 2.567000e-14
9420. 2.467000e-14
9424. 2.556000e-14
9428. 2.547000e-14
9432. 2.491000e-14
9436. 2.299000e-14
9440. 2.480000e-14
9444. 2.524000e-14
9448. 2.550000e-14
9452. 2.582000e-14
9456. 2.543000e-14
9460. 2.482000e-14
9464. 2.579000e-14
9468. 2.697000e-14
9472. 2.566000e-14
9476. 2.446000e-14
9480. 2.409000e-14
9484. 2.608000e-14
9488. 2.571000e-14
9492. 2.589000e-14
9496. 2.740000e-14
9500. 2.549000e-14
9504. 2.608000e-14
9508. 2.572000e-14
9512. 2.535000e-14
9516. 2.636000e-14
9520. 2.539000e-14
9524. 2.584000e-14
9528. 2.524000e-14
9532. 2.692000e-14
9536. 2.672000e-14
9540. 2.750000e-14
9544. 2.449000e-14
9548. 2.486000e-14
9552. 2.588000e-14
9556. 2.538000e-14
9560. 2.560000e-14
9564. 2.638000e-14
9568. 2.551000e-14
9572. 2.524000e-14
9576. 2.558000e-14
9580. 2.615000e-14
9584. 2.734000e-14
9588. 2.549000e-14
9592. 2.523000e-14
9596. 2.680000e-14
9600. 2.549000e-14
9604. 2.470000e-14
9608. 2.671000e-14
9612. 2.754000e-14
9616. 2.796000e-14
9620. 2.678000e-14
9624. 2.644000e-14
9628. 2.544000e-14
9632. 2.443000e-14
9636. 2.618000e-14
9640. 2.662000e-14
9644. 2.538000e-14
9648. 2.564000e-14
9652. 2.605000e-14
9656. 2.561000e-14
9660. 2.563000e-14
9664. 2.574000e-14
9668. 2.717000e-14
9672. 2.754000e-14
9676. 2.690000e-14
9680. 2.553000e-14
9684. 2.556000e-14
9688. 2.666000e-14
9692. 2.872000e-14
9696. 2.710000e-14
9700. 2.492000e-14
9704. 2.486000e-14
9708. 2.573000e-14
9712. 2.479000e-14
9716. 2.549000e-14
9720. 2.591000e-14
9724. 2.573000e-14
9728. 2.752000e-14
9732. 2.680000e-14
9736. 2.565000e-14
9740. 2.652000e-14
9744. 2.471000e-14
9748. 2.520000e-14
9752. 2.491000e-14
9756. 2.465000e-14
9760. 2.707000e-14
9764. 2.686000e-14
9768. 2.557000e-14
9772. 2.586000e-14
9776. 2.431000e-14
9780. 2.359000e-14
9784. 2.696000e-14
9788. 2.890000e-14
9792. 2.684000e-14
9796. 2.742000e-14
9800. 2.788000e-14
9804. 2.728000e-14
9808. 2.301000e-14
9812. 1.716000e-14
9816. 1.997000e-14
9820. 2.375000e-14
9824. 2.570000e-14
9828. 2.796000e-14
9832. 2.980000e-14
9836. 2.864000e-14
9840. 2.603000e-14
9844. 2.609000e-14
9848. 2.656000e-14
9852. 2.582000e-14
9856. 2.647000e-14
9860. 2.919000e-14
9864. 2.767000e-14
9868. 2.556000e-14
9872. 2.605000e-14
9876. 2.555000e-14
9880. 2.528000e-14
9884. 2.558000e-14
9888. 2.603000e-14
9892. 2.603000e-14
9896. 2.609000e-14
9900. 1.433000e-14
9904. 2.495000e-14
9908. 2.581000e-14
9912. 2.636000e-14
9916. 2.637000e-14
9920. 2.623000e-14
9924. 2.700000e-14
9928. 2.706000e-14
9932. 2.623000e-14
9936. 2.667000e-14
9940. 2.715000e-14
9944. 2.611000e-14
9948. 2.456000e-14
9952. 0.
9956. 0.
9960. 0.
9964. 0.
9968. 0.
9972. 0.
9976. 0.
9980. 0.
9984. 0.
9988. 0.
9992. 0.
9996. 0.
10000. 0.
