1100. 0.
1104. 0.
1108. 0.
1112. 0.
1116. 0.
1120. 0.
1124. 0.
1128. 0.
1132. 0.
1136. 0.
1140. 0.
1144. 0.
1148. 0.
1152. 0.
1156. 0.
1160. 0.
1164. 0.
1168. 0.
1172. 0.
1176. 0.
1180. 0.
1184. 0.
1188. 0.
1192. 0.
1196. 0.
1200. 0.
1204. 0.
1208. 0.
1212. 0.
1216. 0.
1220. 0.
1224. 0.
1228. 0.
1232. 4.075000e-14
1236. 4.169000e-14
1240. 4.842000e-14
1244. 4.678000e-14
1248. 4.396000e-14
1252. 4.609000e-14
1256. 4.288000e-14
1260. 4.554000e-14
1264. 4.766000e-14
1268. 4.995000e-14
1272. 4.861000e-14
1276. 5.120000e-14
1280. 4.793000e-14
1284. 4.771000e-14
1288. 4.355000e-14
1292. 4.244000e-14
1296. 3.900000e-14
1300. 3.580000e-14
1304. 4.010000e-14
1308. 4.516000e-14
1312. 4.583000e-14
1316. 4.620000e-14
1320. 4.157000e-14
1324. 4.248000e-14
1328. 4.321000e-14
1332. 3.771000e-14
1336. 3.888000e-14
1340. 4.083000e-14
1344. 4.192000e-14
1348. 4.314000e-14
1352. 4.438000e-14
1356. 4.178000e-14
1360. 4.254000e-14
1364. 4.162000e-14
1368. 4.148000e-14
1372. 3.953000e-14
1376. 3.849000e-14
1380. 3.810000e-14
1384. 3.602000e-14
1388. 3.291000e-14
1392. 3.278000e-14
1396. 3.437000e-14
1400. 3.575000e-14
1404. 3.600000e-14
1408. 3.781000e-14
1412. 3.795000e-14
1416. 3.712000e-14
1420. 3.922000e-14
1424. 3.717000e-14
1428. 3.951000e-14
1432. 3.989000e-14
1436. 3.936000e-14
1440. 3.854000e-14
1444. 3.986000e-14
1448. 4.104000e-14
1452. 4.083000e-14
1456. 3.929000e-14
1460. 4.033000e-14
1464. 3.991000e-14
1468. 4.052000e-14
1472. 4.259000e-14
1476. 3.987000e-14
1480. 4.220000e-14
1484. 4.326000e-14
1488. 4.177000e-14
1492. 3.918000e-14
1496. 3.673000e-14
1500. 3.726000e-14
1504. 3.964000e-14
1508. 3.764000e-14
1512. 3.516000e-14
1516. 3.606000e-14
1520. 3.525000e-14
1524. 3.535000e-14
1528. 3.240000e-14
1532. 3.321000e-14
1536. 3.044000e-14
1540. 2.813000e-14
1544. 2.624000e-14
1548. 2.595000e-14
1552. 3.427000e-14
1556. 3.795000e-14
1560. 3.415000e-14
1564. 3.365000e-14
1568. 3.412000e-14
1572. 3.392000e-14
1576. 3.264000e-14
1580. 3.188000e-14
1584. 3.274000e-14
1588. 3.383000e-14
1592. 2.989000e-14
1596. 3.015000e-14
1600. 3.104000e-14
1604. 3.002000e-14
1608. 2.819000e-14
1612. 2.984000e-14
1616. 3.093000e-14
1620. 2.944000e-14
1624. 2.944000e-14
1628. 2.984000e-14
1632. 2.985000e-14
1636. 3.164000e-14
1640. 3.214000e-14
1644. 3.243000e-14
1648. 3.377000e-14
1652. 3.047000e-14
1656. 2.911000e-14
1660. 3.085000e-14
1664. 3.180000e-14
1668. 2.936000e-14
1672. 2.789000e-14
1676. 3.010000e-14
1680. 3.076000e-14
1684. 2.994000e-14
1688. 2.971000e-14
1692. 2.803000e-14
1696. 2.989000e-14
1700. 2.940000e-14
1704. 2.902000e-14
1708. 2.922000e-14
1712. 2.784000e-14
1716. 2.801000e-14
1720. 2.969000e-14
1724. 2.871000e-14
1728. 2.974000e-14
1732. 3.217000e-14
1736. 2.945000e-14
1740. 2.916000e-14
1744. 2.951000e-14
1748. 2.938000e-14
1752. 3.076000e-14
1756. 3.109000e-14
1760. 2.888000e-14
1764. 2.841000e-14
1768. 2.907000e-14
1772. 2.599000e-14
1776. 2.462000e-14
1780. 2.740000e-14
1784. 2.832000e-14
1788. 2.762000e-14
1792. 2.753000e-14
1796. 2.717000e-14
1800. 2.789000e-14
1804. 2.785000e-14
1808. 2.792000e-14
1812. 2.693000e-14
1816. 2.695000e-14
1820. 2.673000e-14
1824. 2.620000e-14
1828. 2.658000e-14
1832. 2.604000e-14
1836. 2.526000e-14
1840. 2.550000e-14
1844. 2.511000e-14
1848. 2.425000e-14
1852. 2.396000e-14
1856. 2.401000e-14
1860. 2.394000e-14
1864. 2.431000e-14
1868. 2.451000e-14
1872. 2.461000e-14
1876. 2.445000e-14
1880. 2.522000e-14
1884. 2.450000e-14
1888. 2.353000e-14
1892. 2.343000e-14
1896. 2.370000e-14
1900. 2.435000e-14
1904. 2.689000e-14
1908. 2.761000e-14
1912. 2.481000e-14
1916. 2.184000e-14
1920. 2.121000e-14
1924. 2.160000e-14
1928. 2.096000e-14
1932. 2.088000e-14
1936. 2.337000e-14
1940. 2.359000e-14
1944. 2.387000e-14
1948. 2.298000e-14
1952. 2.265000e-14
1956. 2.147000e-14
1960. 2.120000e-14
1964. 1.961000e-14
1968. 1.629000e-14
1972. 1.543000e-14
1976. 1.672000e-14
1980. 2.193000e-14
1984. 2.257000e-14
1988. 2.241000e-14
1992. 2.487000e-14
1996. 2.432000e-14
2000. 2.194000e-14
2004. 2.463000e-14
2008. 2.214000e-14
2012. 2.130000e-14
2016. 2.196000e-14
2020. 2.070000e-14
2024. 2.453000e-14
2028. 2.019000e-14
2032. 2.155000e-14
2036. 2.528000e-14
2040. 2.299000e-14
2044. 2.097000e-14
2048. 2.180000e-14
2052. 2.178000e-14
2056. 2.165000e-14
2060. 2.336000e-14
2064. 2.153000e-14
2068. 1.875000e-14
2072. 2.192000e-14
2076. 2.071000e-14
2080. 2.366000e-14
2084. 2.232000e-14
2088. 1.953000e-14
2092. 2.165000e-14
2096. 1.814000e-14
2100. 2.143000e-14
2104. 2.227000e-14
2108. 2.520000e-14
2112. 1.852000e-14
2116. 2.061000e-14
2120. 1.969000e-14
2124. 1.768000e-14
2128. 2.058000e-14
2132. 1.968000e-14
2136. 1.987000e-14
2140. 1.915000e-14
2144. 1.976000e-14
2148. 2.014000e-14
2152. 1.972000e-14
2156. 1.923000e-14
2160. 1.775000e-14
2164. 2.302000e-14
2168. 1.705000e-14
2172. 1.980000e-14
2176. 1.786000e-14
2180. 2.108000e-14
2184. 2.044000e-14
2188. 1.808000e-14
2192. 1.713000e-14
2196. 1.933000e-14
2200. 2.134000e-14
2204. 1.975000e-14
2208. 1.897000e-14
2212. 2.033000e-14
2216. 1.851000e-14
2220. 1.803000e-14
2224. 1.772000e-14
2228. 2.026000e-14
2232. 1.976000e-14
2236. 1.825000e-14
2240. 1.807000e-14
2244. 1.999000e-14
2248. 1.764000e-14
2252. 1.928000e-14
2256. 1.760000e-14
2260. 1.865000e-14
2264. 1.791000e-14
2268. 1.728000e-14
2272. 1.836000e-14
2276. 1.926000e-14
2280. 1.711000e-14
2284. 1.791000e-14
2288. 1.871000e-14
2292. 1.892000e-14
2296. 1.587000e-14
2300. 1.839000e-14
2304. 1.946000e-14
2308. 1.846000e-14
2312. 1.948000e-14
2316. 1.770000e-14
2320. 1.751000e-14
2324. 1.855000e-14
2328. 1.976000e-14
2332. 1.904000e-14
2336. 1.795000e-14
2340. 1.490000e-14
2344. 1.660000e-14
2348. 1.607000e-14
2352. 1.693000e-14
2356. 1.397000e-14
2360. 1.663000e-14
2364. 1.491000e-14
2368. 1.677000e-14
2372. 1.562000e-14
2376. 1.589000e-14
2380. 1.592000e-14
2384. 1.542000e-14
2388. 1.645000e-14
2392. 1.545000e-14
2396. 1.670000e-14
2400. 1.555000e-14
2404. 1.707000e-14
2408. 1.631000e-14
2412. 1.595000e-14
2416. 1.688000e-14
2420. 1.693000e-14
2424. 1.557000e-14
2428. 1.712000e-14
2432. 1.585000e-14
2436. 1.710000e-14
2440. 1.645000e-14
2444. 1.659000e-14
2448. 1.620000e-14
2452. 1.570000e-14
2456. 1.600000e-14
2460. 1.471000e-14
2464. 1.573000e-14
2468. 1.609000e-14
2472. 1.626000e-14
2476. 1.683000e-14
2480. 1.525000e-14
2484. 1.506000e-14
2488. 1.534000e-14
2492. 1.442000e-14
2496. 1.553000e-14
2500. 1.429000e-14
2504. 1.454000e-14
2508. 1.466000e-14
2512. 1.416000e-14
2516. 1.389000e-14
2520. 1.446000e-14
2524. 1.411000e-14
2528. 1.463000e-14
2532. 1.458000e-14
2536. 1.509000e-14
2540. 1.479000e-14
2544. 1.384000e-14
2548. 1.402000e-14
2552. 1.394000e-14
2556. 1.358000e-14
2560. 1.336000e-14
2564. 1.324000e-14
2568. 1.351000e-14
2572. 1.335000e-14
2576. 1.244000e-14
2580. 1.314000e-14
2584. 1.272000e-14
2588. 1.404000e-14
2592. 1.289000e-14
2596. 1.264000e-14
2600. 1.320000e-14
2604. 1.291000e-14
2608. 1.337000e-14
2612. 1.422000e-14
2616. 1.367000e-14
2620. 1.409000e-14
2624. 1.392000e-14
2628. 1.345000e-14
2632. 1.390000e-14
2636. 1.374000e-14
2640. 1.306000e-14
2644. 1.327000e-14
2648. 1.366000e-14
2652. 1.385000e-14
2656. 1.369000e-14
2660. 1.311000e-14
2664. 1.317000e-14
2668. 1.305000e-14
2672. 1.264000e-14
2676. 1.255000e-14
2680. 1.318000e-14
2684. 1.292000e-14
2688. 1.299000e-14
2692. 1.297000e-14
2696. 1.296000e-14
2700. 1.260000e-14
2704. 1.251000e-14
2708. 1.275000e-14
2712. 1.280000e-14
2716. 1.194000e-14
2720. 1.187000e-14
2724. 1.229000e-14
2728. 1.234000e-14
2732. 1.248000e-14
2736. 1.246000e-14
2740. 1.267000e-14
2744. 1.234000e-14
2748. 1.246000e-14
2752. 1.213000e-14
2756. 1.257000e-14
2760. 1.229000e-14
2764. 1.211000e-14
2768. 1.177000e-14
2772. 1.124000e-14
2776. 1.046000e-14
2780. 1.116000e-14
2784. 1.153000e-14
2788. 1.236000e-14
2792. 1.353000e-14
2796. 1.385000e-14
2800. 1.406000e-14
2804. 1.318000e-14
2808. 1.256000e-14
2812. 1.241000e-14
2816. 1.173000e-14
2820. 1.184000e-14
2824. 1.229000e-14
2828. 1.215000e-14
2832. 1.224000e-14
2836. 1.108000e-14
2840. 1.130000e-14
2844. 1.187000e-14
2848. 1.196000e-14
2852. 1.094000e-14
2856. 1.148000e-14
2860. 1.169000e-14
2864. 1.164000e-14
2868. 1.182000e-14
2872. 1.129000e-14
2876. 1.104000e-14
2880. 1.138000e-14
2884. 1.110000e-14
2888. 1.038000e-14
2892. 1.071000e-14
2896. 1.111000e-14
2900. 1.169000e-14
2904. 1.145000e-14
2908. 1.101000e-14
2912. 1.109000e-14
2916. 1.138000e-14
2920. 1.111000e-14
2924. 1.091000e-14
2928. 1.184000e-14
2932. 1.135000e-14
2936. 1.177000e-14
2940. 1.165000e-14
2944. 1.170000e-14
2948. 1.173000e-14
2952. 1.150000e-14
2956. 1.106000e-14
2960. 1.098000e-14
2964. 1.091000e-14
2968. 1.154000e-14
2972. 1.174000e-14
2976. 1.165000e-14
2980. 1.131000e-14
2984. 1.103000e-14
2988. 1.160000e-14
2992. 1.171000e-14
2996. 1.174000e-14
3000. 1.147000e-14
3004. 1.110000e-14
3008. 1.129000e-14
3012. 1.121000e-14
3016. 1.131000e-14
3020. 1.045000e-14
3024. 9.916000e-15
3028. 1.070000e-14
3032. 1.053000e-14
3036. 1.068000e-14
3040. 1.095000e-14
3044. 1.082000e-14
3048. 1.016000e-14
3052. 1.077000e-14
3056. 1.028000e-14
3060. 1.071000e-14
3064. 1.031000e-14
3068. 1.062000e-14
3072. 1.110000e-14
3076. 1.104000e-14
3080. 1.125000e-14
3084. 1.052000e-14
3088. 1.015000e-14
3092. 1.067000e-14
3096. 9.984000e-15
3100. 1.023000e-14
3104. 1.079000e-14
3108. 1.085000e-14
3112. 1.062000e-14
3116. 1.053000e-14
3120. 1.021000e-14
3124. 9.810000e-15
3128. 1.033000e-14
3132. 1.143000e-14
3136. 1.066000e-14
3140. 1.080000e-14
3144. 9.948000e-15
3148. 9.022000e-15
3152. 1.036000e-14
3156. 1.041000e-14
3160. 1.128000e-14
3164. 1.036000e-14
3168. 1.055000e-14
3172. 1.099000e-14
3176. 9.986000e-15
3180. 9.888000e-15
3184. 1.242000e-14
3188. 1.433000e-14
3192. 1.332000e-14
3196. 1.132000e-14
3200. 1.174000e-14
3204. 8.781000e-15
3208. 1.006000e-14
3212. 1.124000e-14
3216. 1.154000e-14
3220. 1.082000e-14
3224. 8.793000e-15
3228. 1.003000e-14
3232. 1.060000e-14
3236. 1.083000e-14
3240. 1.100000e-14
3244. 1.014000e-14
3248. 1.057000e-14
3252. 1.061000e-14
3256. 1.101000e-14
3260. 1.124000e-14
3264. 1.097000e-14
3268. 1.057000e-14
3272. 9.784000e-15
3276. 9.861000e-15
3280. 1.046000e-14
3284. 1.039000e-14
3288. 9.447000e-15
3292. 9.035000e-15
3296. 9.558000e-15
3300. 9.891000e-15
3304. 1.063000e-14
3308. 1.016000e-14
3312. 9.518000e-15
3316. 9.310000e-15
3320. 8.958000e-15
3324. 8.496000e-15
3328. 8.939000e-15
3332. 9.738000e-15
3336. 9.761000e-15
3340. 9.622000e-15
3344. 9.248000e-15
3348. 9.417000e-15
3352. 1.041000e-14
3356. 1.077000e-14
3360. 9.836000e-15
3364. 9.101000e-15
3368. 8.684000e-15
3372. 8.601000e-15
3376. 8.904000e-15
3380. 9.015000e-15
3384. 9.327000e-15
3388. 8.988000e-15
3392. 9.776000e-15
3396. 9.485000e-15
3400. 9.199000e-15
3404. 9.436000e-15
3408. 1.030000e-14
3412. 1.056000e-14
3416. 9.577000e-15
3420. 9.189000e-15
3424. 8.498000e-15
3428. 8.509000e-15
3432. 8.915000e-15
3436. 9.165000e-15
3440. 8.881000e-15
3444. 9.225000e-15
3448. 9.911000e-15
3452. 9.597000e-15
3456. 8.840000e-15
3460. 8.939000e-15
3464. 9.043000e-15
3468. 9.120000e-15
3472. 9.669000e-15
3476. 9.522000e-15
3480. 9.376000e-15
3484. 9.148000e-15
3488. 9.133000e-15
3492. 9.118000e-15
3496. 8.936000e-15
3500. 8.693000e-15
3504. 8.336000e-15
3508. 7.890000e-15
3512. 7.430000e-15
3516. 7.558000e-15
3520. 8.120000e-15
3524. 8.721000e-15
3528. 9.178000e-15
3532. 8.812000e-15
3536. 7.966000e-15
3540. 8.263000e-15
3544. 8.654000e-15
3548. 8.370000e-15
3552. 8.233000e-15
3556. 8.654000e-15
3560. 9.449000e-15
3564. 9.351000e-15
3568. 8.718000e-15
3572. 8.757000e-15
3576. 8.383000e-15
3580. 8.174000e-15
3584. 8.283000e-15
3588. 8.515000e-15
3592. 8.552000e-15
3596. 8.531000e-15
3600. 8.810000e-15
3604. 8.776000e-15
3608. 8.473000e-15
3612. 8.616000e-15
3616. 8.877000e-15
3620. 8.953000e-15
3624. 8.451000e-15
3628. 7.919000e-15
3632. 7.994000e-15
3636. 8.338000e-15
3640. 8.612000e-15
3644. 8.742000e-15
3648. 8.522000e-15
3652. 8.490000e-15
3656. 8.744000e-15
3660. 8.223000e-15
3664. 7.904000e-15
3668. 7.990000e-15
3672. 8.159000e-15
3676. 8.334000e-15
3680. 8.240000e-15
3684. 8.193000e-15
3688. 7.868000e-15
3692. 8.116000e-15
3696. 8.028000e-15
3700. 8.291000e-15
3704. 8.347000e-15
3708. 8.238000e-15
3712. 8.840000e-15
3716. 9.915000e-15
3720. 1.570000e-14
3724. 3.130000e-14
3728. 4.567000e-14
3732. 4.027000e-14
3736. 2.254000e-14
3740. 1.196000e-14
3744. 9.188000e-15
3748. 8.847000e-15
3752. 9.703000e-15
3756. 1.331000e-14
3760. 1.590000e-14
3764. 1.200000e-14
3768. 9.319000e-15
3772. 8.973000e-15
3776. 9.447000e-15
3780. 9.712000e-15
3784. 9.658000e-15
3788. 9.616000e-15
3792. 9.389000e-15
3796. 8.629000e-15
3800. 8.637000e-15
3804. 9.156000e-15
3808. 1.024000e-14
3812. 1.062000e-14
3816. 1.041000e-14
3820. 1.009000e-14
3824. 1.005000e-14
3828. 9.637000e-15
3832. 9.389000e-15
3836. 9.133000e-15
3840. 9.188000e-15
3844. 9.408000e-15
3848. 9.780000e-15
3852. 1.034000e-14
3856. 1.006000e-14
3860. 1.103000e-14
3864. 1.335000e-14
3868. 1.551000e-14
3872. 1.559000e-14
3876. 1.358000e-14
3880. 1.097000e-14
3884. 1.061000e-14
3888. 1.117000e-14
3892. 1.080000e-14
3896. 1.039000e-14
3900. 9.898000e-15
3904. 1.007000e-14
3908. 1.029000e-14
3912. 1.041000e-14
3916. 1.063000e-14
3920. 1.045000e-14
3924. 1.040000e-14
3928. 1.030000e-14
3932. 9.925000e-15
3936. 9.806000e-15
3940. 9.930000e-15
3944. 1.021000e-14
3948. 1.036000e-14
3952. 1.033000e-14
3956. 1.055000e-14
3960. 1.050000e-14
3964. 1.013000e-14
3968. 1.050000e-14
3972. 1.080000e-14
3976. 1.058000e-14
3980. 9.825000e-15
3984. 9.885000e-15
3988. 1.031000e-14
3992. 1.082000e-14
3996. 1.112000e-14
4000. 1.138000e-14
4004. 1.149000e-14
4008. 1.118000e-14
4012. 1.123000e-14
4016. 1.136000e-14
4020. 1.145000e-14
4024. 1.107000e-14
4028. 1.125000e-14
4032. 1.114000e-14
4036. 1.107000e-14
4040. 1.112000e-14
4044. 1.100000e-14
4048. 1.105000e-14
4052. 1.097000e-14
4056. 1.094000e-14
4060. 1.078000e-14
4064. 1.093000e-14
4068. 1.110000e-14
4072. 1.112000e-14
4076. 1.097000e-14
4080. 1.052000e-14
4084. 1.039000e-14
4088. 1.024000e-14
4092. 1.000000e-14
4096. 1.063000e-14
4100. 1.174000e-14
4104. 1.234000e-14
4108. 1.185000e-14
4112. 1.037000e-14
4116. 1.010000e-14
4120. 1.004000e-14
4124. 1.010000e-14
4128. 1.010000e-14
4132. 1.016000e-14
4136. 1.051000e-14
4140. 1.060000e-14
4144. 1.061000e-14
4148. 1.071000e-14
4152. 1.056000e-14
4156. 1.058000e-14
4160. 1.085000e-14
4164. 1.063000e-14
4168. 1.050000e-14
4172. 1.041000e-14
4176. 1.041000e-14
4180. 1.065000e-14
4184. 1.044000e-14
4188. 1.026000e-14
4192. 1.036000e-14
4196. 1.040000e-14
4200. 1.044000e-14
4204. 1.056000e-14
4208. 1.054000e-14
4212. 1.053000e-14
4216. 1.065000e-14
4220. 1.064000e-14
4224. 1.057000e-14
4228. 1.041000e-14
4232. 1.042000e-14
4236. 1.039000e-14
4240. 1.036000e-14
4244. 1.032000e-14
4248. 1.017000e-14
4252. 1.004000e-14
4256. 9.857000e-15
4260. 9.970000e-15
4264. 1.012000e-14
4268. 9.977000e-15
4272. 1.019000e-14
4276. 1.036000e-14
4280. 1.009000e-14
4284. 1.003000e-14
4288. 1.020000e-14
4292. 1.004000e-14
4296. 9.688000e-15
4300. 9.325000e-15
4304. 9.539000e-15
4308. 9.686000e-15
4312. 9.421000e-15
4316. 9.560000e-15
4320. 9.733000e-15
4324. 9.462000e-15
4328. 9.225000e-15
4332. 9.656000e-15
4336. 1.181000e-14
4340. 1.492000e-14
4344. 1.493000e-14
4348. 1.259000e-14
4352. 1.018000e-14
4356. 9.659000e-15
4360. 9.964000e-15
4364. 1.049000e-14
4368. 1.028000e-14
4372. 9.994000e-15
4376. 9.718000e-15
4380. 9.597000e-15
4384. 9.246000e-15
4388. 9.268000e-15
4392. 9.314000e-15
4396. 9.208000e-15
4400. 9.398000e-15
4404. 9.402000e-15
4408. 9.392000e-15
4412. 9.312000e-15
4416. 9.554000e-15
4420. 9.503000e-15
4424. 9.596000e-15
4428. 9.545000e-15
4432. 9.535000e-15
4436. 9.720000e-15
4440. 9.582000e-15
4444. 9.173000e-15
4448. 9.267000e-15
4452. 9.304000e-15
4456. 9.265000e-15
4460. 9.182000e-15
4464. 9.509000e-15
4468. 9.887000e-15
4472. 1.008000e-14
4476. 9.795000e-15
4480. 9.323000e-15
4484. 8.924000e-15
4488. 8.992000e-15
4492. 9.409000e-15
4496. 9.466000e-15
4500. 9.515000e-15
4504. 9.654000e-15
4508. 9.686000e-15
4512. 9.646000e-15
4516. 9.686000e-15
4520. 9.456000e-15
4524. 9.327000e-15
4528. 9.203000e-15
4532. 9.259000e-15
4536. 9.306000e-15
4540. 9.295000e-15
4544. 9.156000e-15
4548. 9.107000e-15
4552. 9.099000e-15
4556. 9.067000e-15
4560. 9.272000e-15
4564. 9.349000e-15
4568. 9.349000e-15
4572. 9.270000e-15
4576. 9.255000e-15
4580. 9.206000e-15
4584. 9.101000e-15
4588. 9.439000e-15
4592. 9.547000e-15
4596. 9.370000e-15
4600. 9.060000e-15
4604. 9.043000e-15
4608. 9.351000e-15
4612. 9.362000e-15
4616. 9.287000e-15
4620. 9.659000e-15
4624. 9.573000e-15
4628. 9.238000e-15
4632. 9.045000e-15
4636. 9.054000e-15
4640. 9.204000e-15
4644. 9.077000e-15
4648. 8.979000e-15
4652. 9.054000e-15
4656. 9.195000e-15
4660. 9.291000e-15
4664. 9.274000e-15
4668. 9.184000e-15
4672. 9.332000e-15
4676. 9.338000e-15
4680. 9.417000e-15
4684. 9.451000e-15
4688. 9.438000e-15
4692. 9.144000e-15
4696. 9.126000e-15
4700. 9.071000e-15
4704. 8.847000e-15
4708. 8.838000e-15
4712. 8.853000e-15
4716. 8.819000e-15
4720. 9.020000e-15
4724. 8.836000e-15
4728. 9.097000e-15
4732. 9.050000e-15
4736. 8.956000e-15
4740. 9.105000e-15
4744. 9.159000e-15
4748. 9.127000e-15
4752. 9.095000e-15
4756. 8.915000e-15
4760. 8.902000e-15
4764. 8.855000e-15
4768. 8.834000e-15
4772. 8.618000e-15
4776. 8.708000e-15
4780. 8.652000e-15
4784. 8.612000e-15
4788. 8.515000e-15
4792. 8.612000e-15
4796. 8.601000e-15
4800. 8.642000e-15
4804. 8.629000e-15
4808. 8.251000e-15
4812. 8.362000e-15
4816. 8.565000e-15
4820. 8.697000e-15
4824. 8.819000e-15
4828. 8.567000e-15
4832. 8.358000e-15
4836. 8.295000e-15
4840. 8.144000e-15
4844. 8.093000e-15
4848. 8.219000e-15
4852. 9.018000e-15
4856. 1.318000e-14
4860. 2.117000e-14
4864. 2.420000e-14
4868. 1.889000e-14
4872. 1.155000e-14
4876. 8.445000e-15
4880. 8.033000e-15
4884. 8.086000e-15
4888. 8.112000e-15
4892. 7.952000e-15
4896. 8.120000e-15
4900. 8.313000e-15
4904. 8.276000e-15
4908. 8.349000e-15
4912. 8.304000e-15
4916. 8.225000e-15
4920. 8.172000e-15
4924. 8.191000e-15
4928. 8.398000e-15
4932. 8.411000e-15
4936. 8.402000e-15
4940. 8.308000e-15
4944. 8.556000e-15
4948. 9.120000e-15
4952. 1.263000e-14
4956. 2.185000e-14
4960. 2.884000e-14
4964. 2.628000e-14
4968. 1.844000e-14
4972. 1.187000e-14
4976. 9.060000e-15
4980. 8.473000e-15
4984. 8.627000e-15
4988. 8.691000e-15
4992. 8.819000e-15
4996. 1.066000e-14
5000. 2.076000e-14
5004. 4.627000e-14
5008. 6.527000e-14
5012. 6.016000e-14
5016. 4.001000e-14
5020. 1.837000e-14
5024. 1.005000e-14
5028. 8.327000e-15
5032. 8.122000e-15
5036. 7.962000e-15
5040. 7.866000e-15
5044. 7.768000e-15
5048. 7.828000e-15
5052. 7.939000e-15
5056. 7.992000e-15
5060. 7.947000e-15
5064. 8.007000e-15
5068. 7.885000e-15
5072. 7.826000e-15
5076. 7.700000e-15
5080. 7.716000e-15
5084. 7.840000e-15
5088. 7.793000e-15
5092. 7.977000e-15
5096. 8.001000e-15
5100. 7.879000e-15
5104. 7.826000e-15
5108. 7.781000e-15
5112. 7.866000e-15
5116. 7.693000e-15
5120. 7.204000e-15
5124. 6.969000e-15
5128. 7.535000e-15
5132. 7.593000e-15
5136. 7.659000e-15
5140. 7.479000e-15
5144. 7.385000e-15
5148. 7.522000e-15
5152. 7.514000e-15
5156. 7.638000e-15
5160. 7.665000e-15
5164. 7.492000e-15
5168. 7.326000e-15
5172. 7.200000e-15
5176. 7.358000e-15
5180. 7.511000e-15
5184. 7.349000e-15
5188. 7.622000e-15
5192. 7.622000e-15
5196. 7.552000e-15
5200. 7.640000e-15
5204. 7.443000e-15
5208. 7.465000e-15
5212. 7.343000e-15
5216. 7.441000e-15
5220. 7.383000e-15
5224. 7.479000e-15
5228. 7.349000e-15
5232. 7.324000e-15
5236. 7.219000e-15
5240. 7.240000e-15
5244. 7.334000e-15
5248. 7.191000e-15
5252. 7.392000e-15
5256. 7.449000e-15
5260. 7.648000e-15
5264. 7.447000e-15
5268. 7.323000e-15
5272. 7.238000e-15
5276. 7.460000e-15
5280. 7.437000e-15
5284. 7.402000e-15
5288. 7.383000e-15
5292. 7.409000e-15
5296. 7.355000e-15
5300. 7.456000e-15
5304. 7.396000e-15
5308. 7.428000e-15
5312. 7.377000e-15
5316. 7.240000e-15
5320. 7.319000e-15
5324. 7.323000e-15
5328. 7.409000e-15
5332. 7.236000e-15
5336. 7.276000e-15
5340. 7.146000e-15
5344. 7.336000e-15
5348. 7.321000e-15
5352. 7.298000e-15
5356. 7.219000e-15
5360. 7.400000e-15
5364. 7.328000e-15
5368. 7.366000e-15
5372. 7.234000e-15
5376. 7.227000e-15
5380. 7.353000e-15
5384. 7.347000e-15
5388. 7.240000e-15
5392. 7.157000e-15
5396. 6.988000e-15
5400. 7.105000e-15
5404. 6.016000e-15
5408. 5.091000e-15
5412. 5.931000e-15
5416. 6.860000e-15
5420. 6.195000e-15
5424. 5.264000e-15
5428. 6.125000e-15
5432. 7.011000e-15
5436. 7.167000e-15
5440. 7.101000e-15
5444. 6.738000e-15
5448. 6.815000e-15
5452. 7.268000e-15
5456. 6.334000e-15
5460. 6.307000e-15
5464. 7.682000e-15
5468. 7.638000e-15
5472. 6.475000e-15
5476. 5.441000e-15
5480. 5.125000e-15
5484. 4.980000e-15
5488. 5.104000e-15
5492. 5.221000e-15
5496. 5.256000e-15
5500. 5.335000e-15
5504. 5.335000e-15
5508. 6.136000e-15
5512. 7.003000e-15
5516. 7.208000e-15
5520. 7.345000e-15
5524. 7.170000e-15
5528. 7.170000e-15
5532. 7.176000e-15
5536. 7.153000e-15
5540. 6.937000e-15
5544. 6.935000e-15
5548. 6.971000e-15
5552. 7.016000e-15
5556. 7.450000e-15
5560. 7.676000e-15
5564. 7.481000e-15
5568. 7.503000e-15
5572. 7.253000e-15
5576. 7.056000e-15
5580. 6.563000e-15
5584. 6.802000e-15
5588. 7.091000e-15
5592. 7.048000e-15
5596. 6.354000e-15
5600. 6.648000e-15
5604. 6.792000e-15
5608. 6.896000e-15
5612. 6.659000e-15
5616. 6.556000e-15
5620. 6.480000e-15
5624. 6.270000e-15
5628. 6.610000e-15
5632. 6.994000e-15
5636. 7.037000e-15
5640. 6.917000e-15
5644. 6.885000e-15
5648. 6.708000e-15
5652. 6.354000e-15
5656. 6.584000e-15
5660. 6.574000e-15
5664. 6.633000e-15
5668. 6.706000e-15
5672. 6.973000e-15
5676. 6.770000e-15
5680. 6.661000e-15
5684. 6.589000e-15
5688. 6.798000e-15
5692. 6.751000e-15
5696. 6.990000e-15
5700. 6.856000e-15
5704. 6.839000e-15
5708. 6.864000e-15
5712. 6.753000e-15
5716. 6.702000e-15
5720. 6.309000e-15
5724. 6.858000e-15
5728. 6.766000e-15
5732. 6.676000e-15
5736. 6.879000e-15
5740. 6.738000e-15
5744. 6.636000e-15
5748. 6.416000e-15
5752. 6.460000e-15
5756. 6.533000e-15
5760. 6.830000e-15
5764. 6.809000e-15
5768. 6.584000e-15
5772. 6.631000e-15
5776. 6.588000e-15
5780. 6.204000e-15
5784. 6.249000e-15
5788. 6.174000e-15
5792. 6.569000e-15
5796. 6.604000e-15
5800. 6.661000e-15
5804. 6.541000e-15
5808. 6.458000e-15
5812. 6.672000e-15
5816. 6.435000e-15
5820. 6.809000e-15
5824. 6.760000e-15
5828. 6.792000e-15
5832. 6.430000e-15
5836. 6.807000e-15
5840. 6.791000e-15
5844. 6.610000e-15
5848. 6.603000e-15
5852. 6.599000e-15
5856. 6.228000e-15
5860. 6.697000e-15
5864. 6.345000e-15
5868. 6.670000e-15
5872. 7.695000e-15
5876. 8.073000e-15
5880. 8.400000e-15
5884. 7.962000e-15
5888. 6.640000e-15
5892. 5.860000e-15
5896. 5.849000e-15
5900. 6.390000e-15
5904. 6.497000e-15
5908. 6.486000e-15
5912. 6.488000e-15
5916. 6.698000e-15
5920. 6.527000e-15
5924. 6.480000e-15
5928. 6.651000e-15
5932. 6.394000e-15
5936. 6.339000e-15
5940. 6.369000e-15
5944. 6.334000e-15
5948. 6.134000e-15
5952. 6.024000e-15
5956. 6.542000e-15
5960. 6.494000e-15
5964. 6.326000e-15
5968. 6.426000e-15
5972. 6.274000e-15
5976. 6.495000e-15
5980. 6.356000e-15
5984. 6.527000e-15
5988. 6.443000e-15
5992. 6.381000e-15
5996. 5.978000e-15
6000. 6.426000e-15
6004. 6.448000e-15
6008. 6.212000e-15
6012. 6.127000e-15
6016. 6.409000e-15
6020. 6.281000e-15
6024. 6.465000e-15
6028. 6.454000e-15
6032. 6.289000e-15
6036. 6.266000e-15
6040. 5.907000e-15
6044. 6.217000e-15
6048. 6.653000e-15
6052. 6.349000e-15
6056. 6.563000e-15
6060. 6.347000e-15
6064. 6.326000e-15
6068. 6.492000e-15
6072. 6.478000e-15
6076. 6.604000e-15
6080. 6.247000e-15
6084. 6.392000e-15
6088. 6.571000e-15
6092. 6.578000e-15
6096. 6.409000e-15
6100. 6.418000e-15
6104. 6.520000e-15
6108. 6.369000e-15
6112. 6.339000e-15
6116. 6.213000e-15
6120. 6.298000e-15
6124. 6.232000e-15
6128. 6.475000e-15
6132. 6.337000e-15
6136. 6.366000e-15
6140. 6.307000e-15
6144. 5.815000e-15
6148. 6.012000e-15
6152. 6.243000e-15
6156. 6.087000e-15
6160. 6.102000e-15
6164. 6.394000e-15
6168. 6.539000e-15
6172. 6.125000e-15
6176. 6.146000e-15
6180. 5.924000e-15
6184. 5.950000e-15
6188. 5.663000e-15
6192. 5.749000e-15
6196. 5.883000e-15
6200. 5.961000e-15
6204. 5.978000e-15
6208. 6.020000e-15
6212. 5.918000e-15
6216. 6.223000e-15
6220. 5.849000e-15
6224. 5.958000e-15
6228. 6.337000e-15
6232. 5.997000e-15
6236. 6.091000e-15
6240. 6.227000e-15
6244. 6.383000e-15
6248. 6.242000e-15
6252. 5.742000e-15
6256. 6.040000e-15
6260. 6.102000e-15
6264. 5.922000e-15
6268. 6.054000e-15
6272. 6.144000e-15
6276. 5.873000e-15
6280. 5.649000e-15
6284. 5.728000e-15
6288. 5.841000e-15
6292. 6.191000e-15
6296. 6.546000e-15
6300. 6.777000e-15
6304. 6.371000e-15
6308. 6.067000e-15
6312. 6.157000e-15
6316. 6.170000e-15
6320. 5.988000e-15
6324. 5.634000e-15
6328. 5.770000e-15
6332. 5.822000e-15
6336. 5.963000e-15
6340. 6.136000e-15
6344. 6.005000e-15
6348. 6.249000e-15
6352. 6.040000e-15
6356. 5.933000e-15
6360. 5.945000e-15
6364. 6.048000e-15
6368. 6.125000e-15
6372. 5.933000e-15
6376. 5.901000e-15
6380. 5.898000e-15
6384. 5.941000e-15
6388. 6.033000e-15
6392. 5.890000e-15
6396. 5.899000e-15
6400. 5.798000e-15
6404. 5.538000e-15
6408. 5.473000e-15
6412. 5.585000e-15
6416. 5.629000e-15
6420. 5.653000e-15
6424. 5.638000e-15
6428. 5.779000e-15
6432. 5.698000e-15
6436. 5.824000e-15
6440. 5.977000e-15
6444. 5.734000e-15
6448. 5.580000e-15
6452. 5.760000e-15
6456. 5.538000e-15
6460. 5.679000e-15
6464. 5.657000e-15
6468. 6.266000e-15
6472. 5.941000e-15
6476. 5.813000e-15
6480. 5.886000e-15
6484. 5.832000e-15
6488. 5.726000e-15
6492. 5.512000e-15
6496. 5.418000e-15
6500. 5.373000e-15
6504. 5.503000e-15
6508. 5.587000e-15
6512. 5.901000e-15
6516. 5.678000e-15
6520. 5.666000e-15
6524. 5.542000e-15
6528. 5.764000e-15
6532. 5.749000e-15
6536. 5.849000e-15
6540. 6.078000e-15
6544. 6.463000e-15
6548. 7.855000e-15
6552. 9.092000e-15
6556. 1.959000e-14
6560. 4.655000e-14
6564. 6.003000e-14
6568. 4.730000e-14
6572. 2.228000e-14
6576. 8.430000e-15
6580. 9.319000e-15
6584. 1.098000e-14
6588. 1.003000e-14
6592. 7.464000e-15
6596. 5.961000e-15
6600. 5.591000e-15
6604. 5.465000e-15
6608. 5.461000e-15
6612. 5.587000e-15
6616. 5.407000e-15
6620. 5.396000e-15
6624. 5.546000e-15
6628. 5.399000e-15
6632. 5.349000e-15
6636. 5.617000e-15
6640. 5.433000e-15
6644. 5.328000e-15
6648. 5.371000e-15
6652. 5.337000e-15
6656. 5.574000e-15
6660. 5.634000e-15
6664. 5.747000e-15
6668. 5.743000e-15
6672. 5.670000e-15
6676. 6.012000e-15
6680. 5.678000e-15
6684. 5.736000e-15
6688. 5.599000e-15
6692. 5.450000e-15
6696. 5.381000e-15
6700. 4.880000e-15
6704. 5.228000e-15
6708. 6.016000e-15
6712. 7.857000e-15
6716. 1.056000e-14
6720. 1.025000e-14
6724. 8.518000e-15
6728. 8.546000e-15
6732. 9.214000e-15
6736. 7.926000e-15
6740. 6.125000e-15
6744. 5.219000e-15
6748. 5.146000e-15
6752. 5.164000e-15
6756. 5.012000e-15
6760. 5.309000e-15
6764. 5.112000e-15
6768. 4.941000e-15
6772. 4.939000e-15
6776. 4.802000e-15
6780. 5.151000e-15
6784. 5.125000e-15
6788. 5.151000e-15
6792. 5.499000e-15
6796. 5.497000e-15
6800. 5.166000e-15
6804. 5.085000e-15
6808. 5.362000e-15
6812. 4.865000e-15
6816. 4.867000e-15
6820. 5.194000e-15
6824. 5.179000e-15
6828. 4.950000e-15
6832. 4.708000e-15
6836. 4.770000e-15
6840. 4.745000e-15
6844. 4.886000e-15
6848. 4.743000e-15
6852. 5.078000e-15
6856. 5.399000e-15
6860. 5.179000e-15
6864. 5.174000e-15
6868. 5.166000e-15
6872. 5.394000e-15
6876. 5.055000e-15
6880. 4.944000e-15
6884. 5.300000e-15
6888. 5.463000e-15
6892. 5.061000e-15
6896. 5.181000e-15
6900. 4.858000e-15
6904. 4.959000e-15
6908. 4.706000e-15
6912. 4.696000e-15
6916. 5.155000e-15
6920. 5.394000e-15
6924. 5.068000e-15
6928. 5.033000e-15
6932. 5.512000e-15
6936. 5.448000e-15
6940. 5.537000e-15
6944. 5.093000e-15
6948. 5.003000e-15
6952. 5.211000e-15
6956. 5.270000e-15
6960. 5.531000e-15
6964. 5.508000e-15
6968. 5.574000e-15
6972. 5.181000e-15
6976. 4.465000e-15
6980. 4.456000e-15
6984. 4.986000e-15
6988. 4.777000e-15
6992. 4.918000e-15
6996. 5.311000e-15
7000. 5.281000e-15
7004. 5.659000e-15
7008. 4.899000e-15
7012. 5.008000e-15
7016. 5.217000e-15
7020. 5.104000e-15
7024. 4.995000e-15
7028. 4.867000e-15
7032. 5.149000e-15
7036. 5.048000e-15
7040. 5.213000e-15
7044. 5.204000e-15
7048. 4.914000e-15
7052. 4.880000e-15
7056. 5.110000e-15
7060. 5.211000e-15
7064. 5.369000e-15
7068. 5.332000e-15
7072. 5.238000e-15
7076. 4.952000e-15
7080. 4.963000e-15
7084. 4.986000e-15
7088. 4.937000e-15
7092. 4.865000e-15
7096. 4.884000e-15
7100. 4.952000e-15
7104. 4.974000e-15
7108. 5.176000e-15
7112. 5.025000e-15
7116. 4.856000e-15
7120. 4.869000e-15
7124. 4.969000e-15
7128. 5.065000e-15
7132. 5.873000e-15
7136. 6.873000e-15
7140. 6.563000e-15
7144. 5.429000e-15
7148. 4.661000e-15
7152. 4.617000e-15
7156. 4.708000e-15
7160. 4.820000e-15
7164. 5.162000e-15
7168. 5.144000e-15
7172. 4.871000e-15
7176. 4.728000e-15
7180. 4.785000e-15
7184. 4.777000e-15
7188. 4.824000e-15
7192. 4.912000e-15
7196. 4.929000e-15
7200. 4.771000e-15
7204. 4.473000e-15
7208. 4.345000e-15
7212. 4.542000e-15
7216. 4.538000e-15
7220. 4.192000e-15
7224. 4.367000e-15
7228. 4.644000e-15
7232. 4.880000e-15
7236. 4.711000e-15
7240. 4.452000e-15
7244. 4.363000e-15
7248. 4.388000e-15
7252. 4.608000e-15
7256. 4.420000e-15
7260. 4.689000e-15
7264. 4.911000e-15
7268. 4.892000e-15
7272. 4.820000e-15
7276. 5.100000e-15
7280. 5.251000e-15
7284. 5.132000e-15
7288. 4.946000e-15
7292. 4.698000e-15
7296. 4.971000e-15
7300. 4.901000e-15
7304. 4.817000e-15
7308. 4.847000e-15
7312. 4.899000e-15
7316. 4.837000e-15
7320. 5.053000e-15
7324. 5.507000e-15
7328. 5.420000e-15
7332. 4.828000e-15
7336. 5.401000e-15
7340. 5.448000e-15
7344. 5.014000e-15
7348. 4.685000e-15
7352. 4.907000e-15
7356. 5.055000e-15
7360. 4.858000e-15
7364. 4.873000e-15
7368. 4.905000e-15
7372. 4.726000e-15
7376. 4.318000e-15
7380. 4.318000e-15
7384. 4.473000e-15
7388. 4.756000e-15
7392. 4.661000e-15
7396. 4.824000e-15
7400. 4.318000e-15
7404. 4.042000e-15
7408. 4.414000e-15
7412. 4.993000e-15
7416. 4.899000e-15
7420. 4.777000e-15
7424. 4.493000e-15
7428. 4.418000e-15
7432. 4.689000e-15
7436. 4.644000e-15
7440. 4.392000e-15
7444. 4.664000e-15
7448. 4.815000e-15
7452. 4.738000e-15
7456. 4.593000e-15
7460. 4.465000e-15
7464. 4.533000e-15
7468. 4.433000e-15
7472. 4.559000e-15
7476. 4.931000e-15
7480. 5.463000e-15
7484. 5.249000e-15
7488. 4.606000e-15
7492. 4.961000e-15
7496. 5.070000e-15
7500. 5.084000e-15
7504. 4.692000e-15
7508. 5.012000e-15
7512. 4.721000e-15
7516. 4.070000e-15
7520. 4.469000e-15
7524. 4.771000e-15
7528. 3.888000e-15
7532. 4.914000e-15
7536. 4.916000e-15
7540. 4.461000e-15
7544. 4.973000e-15
7548. 4.771000e-15
7552. 4.191000e-15
7556. 4.106000e-15
7560. 4.446000e-15
7564. 4.587000e-15
7568. 4.542000e-15
7572. 5.760000e-15
7576. 7.810000e-15
7580. 6.798000e-15
7584. 4.491000e-15
7588. 4.187000e-15
7592. 4.713000e-15
7596. 5.023000e-15
7600. 4.542000e-15
7604. 4.264000e-15
7608. 4.777000e-15
7612. 5.198000e-15
7616. 5.475000e-15
7620. 5.085000e-15
7624. 4.909000e-15
7628. 5.317000e-15
7632. 5.382000e-15
7636. 5.236000e-15
7640. 4.363000e-15
7644. 4.345000e-15
7648. 4.298000e-15
7652. 4.482000e-15
7656. 4.467000e-15
7660. 4.320000e-15
7664. 4.153000e-15
7668. 4.420000e-15
7672. 4.621000e-15
7676. 4.412000e-15
7680. 4.373000e-15
7684. 4.535000e-15
7688. 4.373000e-15
7692. 4.751000e-15
7696. 4.606000e-15
7700. 4.403000e-15
7704. 4.382000e-15
7708. 4.388000e-15
7712. 4.324000e-15
7716. 4.149000e-15
7720. 4.410000e-15
7724. 4.476000e-15
7728. 4.418000e-15
7732. 4.380000e-15
7736. 4.456000e-15
7740. 4.510000e-15
7744. 4.303000e-15
7748. 4.471000e-15
7752. 4.743000e-15
7756. 4.717000e-15
7760. 4.527000e-15
7764. 4.600000e-15
7768. 4.456000e-15
7772. 4.476000e-15
7776. 4.241000e-15
7780. 4.166000e-15
7784. 4.332000e-15
7788. 4.269000e-15
7792. 4.420000e-15
7796. 4.578000e-15
7800. 4.316000e-15
7804. 4.292000e-15
7808. 4.269000e-15
7812. 4.341000e-15
7816. 4.489000e-15
7820. 4.316000e-15
7824. 4.318000e-15
7828. 4.427000e-15
7832. 4.424000e-15
7836. 4.215000e-15
7840. 4.189000e-15
7844. 4.315000e-15
7848. 4.516000e-15
7852. 4.427000e-15
7856. 4.209000e-15
7860. 4.283000e-15
7864. 4.224000e-15
7868. 4.337000e-15
7872. 4.266000e-15
7876. 4.412000e-15
7880. 4.303000e-15
7884. 4.313000e-15
7888. 4.072000e-15
7892. 4.305000e-15
7896. 4.348000e-15
7900. 4.268000e-15
7904. 4.283000e-15
7908. 4.066000e-15
7912. 4.051000e-15
7916. 4.021000e-15
7920. 4.185000e-15
7924. 4.138000e-15
7928. 4.166000e-15
7932. 4.170000e-15
7936. 4.185000e-15
7940. 4.042000e-15
7944. 4.269000e-15
7948. 4.155000e-15
7952. 4.081000e-15
7956. 4.080000e-15
7960. 4.177000e-15
7964. 4.183000e-15
7968. 4.209000e-15
7972. 4.313000e-15
7976. 4.134000e-15
7980. 3.948000e-15
7984. 3.961000e-15
7988. 4.134000e-15
7992. 3.927000e-15
7996. 4.192000e-15
8000. 3.935000e-15
8004. 4.191000e-15
8008. 4.004000e-15
8012. 4.253000e-15
8016. 4.388000e-15
8020. 4.254000e-15
8024. 4.202000e-15
8028. 4.059000e-15
8032. 4.123000e-15
8036. 4.260000e-15
8040. 3.860000e-15
8044. 4.191000e-15
8048. 4.258000e-15
8052. 4.068000e-15
8056. 4.243000e-15
8060. 4.326000e-15
8064. 4.409000e-15
8068. 3.841000e-15
8072. 4.164000e-15
8076. 4.352000e-15
8080. 4.117000e-15
8084. 4.166000e-15
8088. 4.112000e-15
8092. 3.717000e-15
8096. 3.991000e-15
8100. 4.040000e-15
8104. 4.311000e-15
8108. 4.160000e-15
8112. 4.264000e-15
8116. 4.247000e-15
8120. 3.845000e-15
8124. 3.249000e-15
8128. 2.948000e-15
8132. 3.425000e-15
8136. 3.267000e-15
8140. 3.798000e-15
8144. 3.884000e-15
8148. 4.065000e-15
8152. 4.065000e-15
8156. 4.332000e-15
8160. 3.886000e-15
8164. 4.330000e-15
8168. 4.048000e-15
8172. 3.907000e-15
8176. 3.816000e-15
8180. 3.903000e-15
8184. 3.852000e-15
8188. 3.820000e-15
8192. 4.025000e-15
8196. 3.700000e-15
8200. 4.012000e-15
8204. 3.758000e-15
8208. 3.713000e-15
8212. 3.792000e-15
8216. 3.995000e-15
8220. 3.997000e-15
8224. 4.085000e-15
8228. 3.687000e-15
8232. 3.640000e-15
8236. 3.721000e-15
8240. 3.773000e-15
8244. 3.544000e-15
8248. 3.995000e-15
8252. 3.705000e-15
8256. 3.989000e-15
8260. 3.751000e-15
8264. 3.431000e-15
8268. 3.972000e-15
8272. 3.873000e-15
8276. 3.882000e-15
8280. 3.935000e-15
8284. 3.369000e-15
8288. 4.315000e-15
8292. 4.303000e-15
8296. 4.048000e-15
8300. 3.766000e-15
8304. 3.425000e-15
8308. 3.704000e-15
8312. 3.805000e-15
8316. 3.783000e-15
8320. 3.320000e-15
8324. 3.625000e-15
8328. 3.704000e-15
8332. 3.480000e-15
8336. 3.298000e-15
8340. 3.260000e-15
8344. 3.548000e-15
8348. 3.640000e-15
8352. 3.711000e-15
8356. 3.843000e-15
8360. 3.751000e-15
8364. 3.651000e-15
8368. 3.591000e-15
8372. 3.647000e-15
8376. 3.598000e-15
8380. 3.640000e-15
8384. 3.608000e-15
8388. 3.638000e-15
8392. 3.386000e-15
8396. 3.805000e-15
8400. 3.863000e-15
8404. 4.046000e-15
8408. 3.811000e-15
8412. 3.540000e-15
8416. 3.281000e-15
8420. 3.707000e-15
8424. 6.995000e-15
8428. 6.702000e-15
8432. 3.831000e-15
8436. 4.700000e-15
8440. 4.792000e-15
8444. 4.809000e-15
8448. 4.488000e-15
8452. 4.369000e-15
8456. 4.700000e-15
8460. 4.877000e-15
8464. 4.540000e-15
8468. 4.623000e-15
8472. 4.685000e-15
8476. 3.903000e-15
8480. 3.181000e-15
8484. 3.737000e-15
8488. 3.269000e-15
8492. 3.416000e-15
8496. 3.835000e-15
8500. 3.290000e-15
8504. 3.640000e-15
8508. 3.672000e-15
8512. 3.940000e-15
8516. 3.147000e-15
8520. 3.264000e-15
8524. 3.858000e-15
8528. 3.717000e-15
8532. 3.121000e-15
8536. 4.036000e-15
8540. 3.734000e-15
8544. 3.446000e-15
8548. 3.525000e-15
8552. 3.611000e-15
8556. 3.356000e-15
8560. 3.649000e-15
8564. 3.068000e-15
8568. 3.598000e-15
8572. 3.487000e-15
8576. 3.991000e-15
8580. 3.764000e-15
8584. 3.769000e-15
8588. 3.106000e-15
8592. 3.822000e-15
8596. 3.670000e-15
8600. 3.792000e-15
8604. 3.534000e-15
8608. 3.901000e-15
8612. 3.920000e-15
8616. 3.408000e-15
8620. 3.946000e-15
8624. 3.566000e-15
8628. 3.760000e-15
8632. 3.890000e-15
8636. 3.818000e-15
8640. 3.480000e-15
8644. 3.574000e-15
8648. 4.112000e-15
8652. 3.820000e-15
8656. 3.376000e-15
8660. 3.828000e-15
8664. 3.595000e-15
8668. 3.157000e-15
8672. 3.446000e-15
8676. 3.658000e-15
8680. 3.862000e-15
8684. 3.852000e-15
8688. 3.794000e-15
8692. 3.875000e-15
8696. 3.694000e-15
8700. 3.873000e-15
8704. 3.595000e-15
8708. 3.745000e-15
8712. 4.018000e-15
8716. 3.382000e-15
8720. 3.892000e-15
8724. 3.440000e-15
8728. 3.621000e-15
8732. 4.063000e-15
8736. 3.632000e-15
8740. 3.318000e-15
8744. 3.581000e-15
8748. 3.243000e-15
8752. 3.839000e-15
8756. 3.053000e-15
8760. 3.423000e-15
8764. 4.110000e-15
8768. 3.534000e-15
8772. 3.457000e-15
8776. 3.256000e-15
8780. 3.378000e-15
8784. 4.048000e-15
8788. 3.707000e-15
8792. 4.174000e-15
8796. 4.388000e-15
8800. 3.455000e-15
8804. 4.172000e-15
8808. 3.689000e-15
8812. 4.213000e-15
8816. 3.380000e-15
8820. 3.407000e-15
8824. 3.909000e-15
8828. 3.491000e-15
8832. 3.341000e-15
8836. 2.869000e-15
8840. 3.495000e-15
8844. 4.053000e-15
8848. 3.363000e-15
8852. 3.600000e-15
8856. 3.365000e-15
8860. 3.173000e-15
8864. 3.683000e-15
8868. 4.123000e-15
8872. 3.662000e-15
8876. 4.038000e-15
8880. 3.672000e-15
8884. 3.553000e-15
8888. 3.252000e-15
8892. 3.760000e-15
8896. 3.019000e-15
8900. 3.799000e-15
8904. 3.333000e-15
8908. 3.172000e-15
8912. 3.497000e-15
8916. 3.164000e-15
8920. 4.042000e-15
8924. 2.984000e-15
8928. 3.222000e-15
8932. 4.615000e-15
8936. 3.529000e-15
8940. 4.142000e-15
8944. 3.799000e-15
8948. 4.328000e-15
8952. 3.301000e-15
8956. 2.938000e-15
8960. 3.726000e-15
8964. 3.314000e-15
8968. 3.517000e-15
8972. 3.365000e-15
8976. 3.363000e-15
8980. 3.593000e-15
8984. 3.830000e-15
8988. 3.880000e-15
8992. 3.094000e-15
8996. 3.326000e-15
9000. 4.226000e-15
9004. 3.269000e-15
9008. 3.826000e-15
9012. 3.025000e-15
9016. 3.914000e-15
9020. 4.031000e-15
9024. 3.568000e-15
9028. 3.397000e-15
9032. 2.718000e-15
9036. 3.796000e-15
9040. 3.610000e-15
9044. 3.790000e-15
9048. 3.957000e-15
9052. 3.446000e-15
9056. 3.937000e-15
9060. 5.149000e-15
9064. 6.268000e-15
9068. 8.169000e-15
9072. 9.342000e-15
9076. 7.793000e-15
9080. 5.460000e-15
9084. 3.102000e-15
9088. 3.690000e-15
9092. 3.177000e-15
9096. 3.271000e-15
9100. 3.384000e-15
9104. 3.262000e-15
9108. 3.544000e-15
9112. 3.971000e-15
9116. 2.805000e-15
9120. 3.630000e-15
9124. 3.132000e-15
9128. 3.083000e-15
9132. 4.191000e-15
9136. 3.995000e-15
9140. 3.279000e-15
9144. 2.530000e-15
9148. 4.160000e-15
9152. 2.376000e-15
9156. 3.040000e-15
9160. 2.749000e-15
9164. 4.251000e-15
9168. 3.707000e-15
9172. 2.781000e-15
9176. 3.098000e-15
9180. 2.969000e-15
9184. 2.564000e-15
9188. 2.602000e-15
9192. 3.079000e-15
9196. 2.517000e-15
9200. 3.121000e-15
9204. 2.504000e-15
9208. 2.858000e-15
9212. 3.452000e-15
9216. 3.205000e-15
9220. 3.854000e-15
9224. 3.209000e-15
9228. 3.512000e-15
9232. 3.187000e-15
9236. 2.760000e-15
9240. 3.407000e-15
9244. 3.796000e-15
9248. 3.078000e-15
9252. 2.732000e-15
9256. 2.794000e-15
9260. 2.933000e-15
9264. 3.602000e-15
9268. 2.888000e-15
9272. 3.145000e-15
9276. 3.815000e-15
9280. 2.910000e-15
9284. 3.271000e-15
9288. 3.619000e-15
9292. 2.922000e-15
9296. 3.269000e-15
9300. 3.544000e-15
9304. 4.749000e-15
9308. 2.483000e-15
9312. 4.132000e-15
9316. 3.572000e-15
9320. 4.412000e-15
9324. 4.048000e-15
9328. 3.143000e-15
9332. 3.583000e-15
9336. 3.956000e-15
9340. 4.033000e-15
9344. 3.414000e-15
9348. 2.985000e-15
9352. 2.884000e-15
9356. 4.531000e-15
9360. 2.777000e-15
9364. 3.429000e-15
9368. 3.134000e-15
9372. 2.600000e-15
9376. 3.852000e-15
9380. 3.326000e-15
9384. 3.762000e-15
9388. 3.502000e-15
9392. 3.653000e-15
9396. 3.100000e-15
9400. 3.237000e-15
9404. 8.488000e-15
9408. 5.762000e-15
9412. 3.533000e-15
9416. 2.985000e-15
9420. 4.162000e-15
9424. 4.593000e-15
9428. 3.147000e-15
9432. 3.719000e-15
9436. 2.839000e-15
9440. 3.333000e-15
9444. 3.211000e-15
9448. 3.042000e-15
9452. 2.822000e-15
9456. 4.307000e-15
9460. 2.170000e-15
9464. 2.694000e-15
9468. 4.021000e-15
9472. 3.918000e-15
9476. 3.621000e-15
9480. 3.397000e-15
9484. 3.375000e-15
9488. 3.309000e-15
9492. 2.497000e-15
9496. 3.282000e-15
9500. 3.455000e-15
9504. 3.805000e-15
9508. 3.636000e-15
9512. 2.532000e-15
9516. 4.508000e-15
9520. 4.850000e-15
9524. 6.431000e-15
9528. 8.133000e-15
9532. 1.210000e-14
9536. 1.322000e-14
9540. 8.680000e-15
9544. 4.444000e-15
9548. 5.401000e-15
9552. 3.967000e-15
9556. 2.514000e-15
9560. 2.920000e-15
9564. 2.989000e-15
9568. 2.367000e-15
9572. 2.491000e-15
9576. 3.664000e-15
9580. 3.570000e-15
9584. 4.224000e-15
9588. 2.694000e-15
9592. 3.407000e-15
9596. 2.816000e-15
9600. 2.890000e-15
9604. 3.721000e-15
9608. 2.480000e-15
9612. 2.826000e-15
9616. 3.433000e-15
9620. 2.267000e-15
9624. 2.749000e-15
9628. 3.036000e-15
9632. 2.888000e-15
9636. 2.604000e-15
9640. 3.134000e-15
9644. 3.444000e-15
9648. 2.326000e-15
9652. 2.489000e-15
9656. 3.749000e-15
9660. 3.662000e-15
9664. 3.179000e-15
9668. 3.202000e-15
9672. 3.061000e-15
9676. 2.856000e-15
9680. 2.561000e-15
9684. 2.720000e-15
9688. 3.570000e-15
9692. 4.155000e-15
9696. 2.200000e-15
9700. 2.771000e-15
9704. 2.651000e-15
9708. 3.549000e-15
9712. 2.728000e-15
9716. 2.779000e-15
9720. 3.730000e-15
9724. 2.634000e-15
9728. 3.155000e-15
9732. 4.251000e-15
9736. 4.709000e-15
9740. 3.074000e-15
9744. 2.948000e-15
9748. 3.608000e-15
9752. 2.897000e-15
9756. 2.752000e-15
9760. 3.320000e-15
9764. 4.610000e-15
9768. 4.264000e-15
9772. 3.245000e-15
9776. 2.100000e-15
9780. 1.685000e-15
9784. 2.279000e-15
9788. 3.117000e-15
9792. 3.602000e-15
9796. 2.756000e-15
9800. 2.521000e-15
9804. 2.399000e-15
9808. 2.929000e-15
9812. 2.984000e-15
9816. 2.711000e-15
9820. 2.529000e-15
9824. 2.403000e-15
9828. 2.805000e-15
9832. 2.734000e-15
9836. 3.063000e-15
9840. 3.815000e-15
9844. 3.553000e-15
9848. 2.779000e-15
9852. 2.252000e-15
9856. 2.241000e-15
9860. 2.764000e-15
9864. 2.406000e-15
9868. 2.653000e-15
9872. 3.081000e-15
9876. 3.395000e-15
9880. 3.314000e-15
9884. 2.713000e-15
9888. 2.542000e-15
9892. 2.403000e-15
9896. 2.350000e-15
9900. 3.042000e-15
9904. 3.546000e-15
9908. 3.299000e-15
9912. 2.938000e-15
9916. 3.358000e-15
9920. 3.269000e-15
9924. 2.741000e-15
9928. 2.671000e-15
9932. 3.493000e-15
9936. 3.989000e-15
9940. 3.536000e-15
9944. 2.741000e-15
9948. 2.376000e-15
9952. 2.444000e-15
9956. 2.694000e-15
9960. 2.953000e-15
9964. 3.177000e-15
9968. 4.063000e-15
9972. 2.072000e-15
9976. 2.262000e-15
9980. 1.777000e-15
9984. 1.811000e-15
9988. 1.549000e-17
9992. 0.
9996. 0.
10000. 0.
