1100. 0.
1104. 0.
1108. 0.
1112. 0.
1116. 0.
1120. 0.
1124. 0.
1128. 0.
1132. 0.
1136. 0.
1140. 0.
1144. 0.
1148. 0.
1152. 0.
1156. 0.
1160. 0.
1164. 0.
1168. 0.
1172. 0.
1176. 0.
1180. 0.
1184. 0.
1188. 0.
1192. 0.
1196. 0.
1200. 0.
1204. 0.
1208. 0.
1212. 0.
1216. 0.
1220. 0.
1224. 0.
1228. 0.
1232. 3.444000e-14
1236. 3.820000e-14
1240. 3.839000e-14
1244. 3.860000e-14
1248. 3.796000e-14
1252. 3.355000e-14
1256. 3.420000e-14
1260. 3.852000e-14
1264. 4.222000e-14
1268. 4.200000e-14
1272. 4.290000e-14
1276. 4.365000e-14
1280. 4.326000e-14
1284. 4.346000e-14
1288. 4.072000e-14
1292. 3.609000e-14
1296. 3.347000e-14
1300. 3.440000e-14
1304. 3.468000e-14
1308. 3.909000e-14
1312. 4.114000e-14
1316. 3.939000e-14
1320. 3.852000e-14
1324. 3.728000e-14
1328. 3.312000e-14
1332. 3.420000e-14
1336. 3.592000e-14
1340. 3.863000e-14
1344. 3.641000e-14
1348. 4.178000e-14
1352. 3.856000e-14
1356. 3.914000e-14
1360. 3.785000e-14
1364. 3.632000e-14
1368. 3.515000e-14
1372. 3.627000e-14
1376. 3.652000e-14
1380. 3.469000e-14
1384. 3.095000e-14
1388. 2.798000e-14
1392. 3.137000e-14
1396. 3.041000e-14
1400. 2.975000e-14
1404. 3.063000e-14
1408. 3.335000e-14
1412. 3.203000e-14
1416. 3.178000e-14
1420. 3.215000e-14
1424. 3.417000e-14
1428. 3.244000e-14
1432. 3.456000e-14
1436. 3.273000e-14
1440. 3.213000e-14
1444. 3.507000e-14
1448. 3.533000e-14
1452. 3.562000e-14
1456. 3.523000e-14
1460. 3.657000e-14
1464. 3.731000e-14
1468. 3.640000e-14
1472. 3.739000e-14
1476. 3.697000e-14
1480. 3.760000e-14
1484. 3.546000e-14
1488. 3.644000e-14
1492. 3.502000e-14
1496. 3.488000e-14
1500. 3.377000e-14
1504. 3.586000e-14
1508. 3.496000e-14
1512. 3.228000e-14
1516. 3.059000e-14
1520. 3.019000e-14
1524. 2.782000e-14
1528. 2.924000e-14
1532. 2.769000e-14
1536. 2.623000e-14
1540. 2.338000e-14
1544. 2.480000e-14
1548. 2.712000e-14
1552. 3.132000e-14
1556. 3.080000e-14
1560. 2.761000e-14
1564. 2.813000e-14
1568. 3.023000e-14
1572. 2.938000e-14
1576. 2.923000e-14
1580. 2.910000e-14
1584. 2.971000e-14
1588. 2.839000e-14
1592. 2.904000e-14
1596. 2.833000e-14
1600. 2.571000e-14
1604. 2.392000e-14
1608. 2.274000e-14
1612. 2.306000e-14
1616. 2.554000e-14
1620. 2.482000e-14
1624. 2.737000e-14
1628. 2.591000e-14
1632. 2.599000e-14
1636. 2.714000e-14
1640. 2.715000e-14
1644. 2.778000e-14
1648. 2.703000e-14
1652. 3.042000e-14
1656. 2.797000e-14
1660. 2.592000e-14
1664. 2.628000e-14
1668. 2.715000e-14
1672. 2.566000e-14
1676. 2.695000e-14
1680. 2.609000e-14
1684. 2.601000e-14
1688. 2.712000e-14
1692. 2.829000e-14
1696. 2.575000e-14
1700. 2.739000e-14
1704. 2.582000e-14
1708. 2.584000e-14
1712. 2.496000e-14
1716. 2.486000e-14
1720. 2.421000e-14
1724. 2.493000e-14
1728. 2.724000e-14
1732. 2.740000e-14
1736. 2.698000e-14
1740. 2.692000e-14
1744. 2.692000e-14
1748. 2.498000e-14
1752. 2.567000e-14
1756. 2.494000e-14
1760. 2.454000e-14
1764. 2.511000e-14
1768. 2.551000e-14
1772. 2.471000e-14
1776. 2.469000e-14
1780. 2.655000e-14
1784. 2.856000e-14
1788. 2.467000e-14
1792. 2.521000e-14
1796. 2.342000e-14
1800. 2.369000e-14
1804. 2.414000e-14
1808. 2.542000e-14
1812. 2.374000e-14
1816. 2.450000e-14
1820. 2.394000e-14
1824. 2.270000e-14
1828. 2.329000e-14
1832. 2.297000e-14
1836. 2.403000e-14
1840. 2.258000e-14
1844. 2.131000e-14
1848. 2.121000e-14
1852. 2.151000e-14
1856. 2.077000e-14
1860. 2.147000e-14
1864. 2.229000e-14
1868. 2.319000e-14
1872. 2.273000e-14
1876. 2.241000e-14
1880. 2.292000e-14
1884. 2.186000e-14
1888. 2.130000e-14
1892. 2.082000e-14
1896. 2.083000e-14
1900. 2.160000e-14
1904. 2.222000e-14
1908. 2.148000e-14
1912. 1.996000e-14
1916. 1.866000e-14
1920. 1.950000e-14
1924. 1.880000e-14
1928. 1.843000e-14
1932. 1.989000e-14
1936. 2.025000e-14
1940. 1.997000e-14
1944. 2.032000e-14
1948. 2.007000e-14
1952. 1.925000e-14
1956. 1.838000e-14
1960. 1.875000e-14
1964. 1.993000e-14
1968. 2.002000e-14
1972. 2.800000e-14
1976. 2.886000e-14
1980. 2.037000e-14
1984. 1.834000e-14
1988. 1.681000e-14
1992. 1.703000e-14
1996. 1.968000e-14
2000. 1.838000e-14
2004. 2.017000e-14
2008. 1.706000e-14
2012. 2.149000e-14
2016. 2.207000e-14
2020. 2.062000e-14
2024. 1.879000e-14
2028. 1.726000e-14
2032. 1.817000e-14
2036. 1.944000e-14
2040. 1.799000e-14
2044. 1.781000e-14
2048. 1.493000e-14
2052. 1.623000e-14
2056. 1.492000e-14
2060. 1.600000e-14
2064. 1.780000e-14
2068. 1.771000e-14
2072. 1.850000e-14
2076. 1.643000e-14
2080. 2.030000e-14
2084. 1.998000e-14
2088. 1.654000e-14
2092. 1.631000e-14
2096. 1.822000e-14
2100. 1.492000e-14
2104. 1.814000e-14
2108. 1.638000e-14
2112. 1.636000e-14
2116. 1.556000e-14
2120. 1.666000e-14
2124. 1.700000e-14
2128. 1.720000e-14
2132. 1.560000e-14
2136. 1.808000e-14
2140. 1.809000e-14
2144. 1.756000e-14
2148. 1.633000e-14
2152. 1.709000e-14
2156. 1.430000e-14
2160. 1.434000e-14
2164. 1.753000e-14
2168. 1.715000e-14
2172. 1.711000e-14
2176. 1.729000e-14
2180. 1.379000e-14
2184. 1.490000e-14
2188. 1.561000e-14
2192. 1.482000e-14
2196. 1.725000e-14
2200. 1.584000e-14
2204. 1.547000e-14
2208. 1.583000e-14
2212. 1.482000e-14
2216. 1.480000e-14
2220. 1.762000e-14
2224. 1.583000e-14
2228. 1.492000e-14
2232. 1.495000e-14
2236. 1.477000e-14
2240. 1.738000e-14
2244. 1.572000e-14
2248. 1.703000e-14
2252. 1.776000e-14
2256. 1.445000e-14
2260. 1.572000e-14
2264. 1.881000e-14
2268. 1.728000e-14
2272. 1.732000e-14
2276. 1.362000e-14
2280. 1.418000e-14
2284. 1.716000e-14
2288. 1.634000e-14
2292. 1.687000e-14
2296. 1.472000e-14
2300. 1.356000e-14
2304. 1.482000e-14
2308. 1.412000e-14
2312. 1.460000e-14
2316. 1.489000e-14
2320. 1.693000e-14
2324. 1.707000e-14
2328. 1.647000e-14
2332. 1.520000e-14
2336. 1.511000e-14
2340. 1.366000e-14
2344. 1.218000e-14
2348. 1.328000e-14
2352. 1.631000e-14
2356. 1.491000e-14
2360. 1.688000e-14
2364. 1.425000e-14
2368. 1.218000e-14
2372. 1.203000e-14
2376. 1.327000e-14
2380. 1.305000e-14
2384. 1.267000e-14
2388. 1.373000e-14
2392. 1.451000e-14
2396. 1.583000e-14
2400. 1.206000e-14
2404. 1.385000e-14
2408. 1.632000e-14
2412. 1.535000e-14
2416. 1.587000e-14
2420. 1.680000e-14
2424. 1.769000e-14
2428. 1.558000e-14
2432. 1.458000e-14
2436. 1.748000e-14
2440. 1.629000e-14
2444. 1.705000e-14
2448. 1.499000e-14
2452. 1.452000e-14
2456. 1.618000e-14
2460. 1.301000e-14
2464. 1.268000e-14
2468. 1.407000e-14
2472. 1.537000e-14
2476. 1.475000e-14
2480. 1.395000e-14
2484. 1.356000e-14
2488. 1.625000e-14
2492. 1.580000e-14
2496. 1.561000e-14
2500. 1.395000e-14
2504. 1.470000e-14
2508. 1.237000e-14
2512. 1.228000e-14
2516. 1.302000e-14
2520. 1.310000e-14
2524. 1.366000e-14
2528. 1.419000e-14
2532. 1.329000e-14
2536. 1.285000e-14
2540. 1.296000e-14
2544. 1.253000e-14
2548. 1.341000e-14
2552. 1.214000e-14
2556. 1.346000e-14
2560. 1.451000e-14
2564. 1.317000e-14
2568. 1.485000e-14
2572. 1.432000e-14
2576. 1.186000e-14
2580. 1.113000e-14
2584. 1.142000e-14
2588. 1.247000e-14
2592. 1.086000e-14
2596. 1.157000e-14
2600. 1.240000e-14
2604. 1.303000e-14
2608. 1.252000e-14
2612. 1.412000e-14
2616. 1.335000e-14
2620. 1.215000e-14
2624. 1.342000e-14
2628. 1.285000e-14
2632. 1.166000e-14
2636. 1.372000e-14
2640. 1.426000e-14
2644. 1.382000e-14
2648. 1.343000e-14
2652. 1.329000e-14
2656. 1.199000e-14
2660. 1.202000e-14
2664. 1.331000e-14
2668. 1.435000e-14
2672. 1.397000e-14
2676. 1.459000e-14
2680. 1.378000e-14
2684. 1.215000e-14
2688. 1.133000e-14
2692. 1.437000e-14
2696. 1.258000e-14
2700. 1.096000e-14
2704. 1.125000e-14
2708. 1.049000e-14
2712. 1.061000e-14
2716. 1.391000e-14
2720. 1.314000e-14
2724. 1.199000e-14
2728. 1.121000e-14
2732. 1.115000e-14
2736. 1.210000e-14
2740. 1.263000e-14
2744. 1.113000e-14
2748. 1.424000e-14
2752. 1.378000e-14
2756. 1.402000e-14
2760. 1.280000e-14
2764. 1.275000e-14
2768. 1.325000e-14
2772. 1.207000e-14
2776. 1.053000e-14
2780. 1.141000e-14
2784. 1.193000e-14
2788. 8.614000e-15
2792. 9.741000e-15
2796. 9.349000e-15
2800. 9.484000e-15
2804. 1.057000e-14
2808. 1.118000e-14
2812. 9.253000e-15
2816. 1.078000e-14
2820. 1.167000e-14
2824. 1.154000e-14
2828. 1.197000e-14
2832. 1.276000e-14
2836. 1.100000e-14
2840. 1.035000e-14
2844. 9.638000e-15
2848. 1.035000e-14
2852. 8.786000e-15
2856. 1.034000e-14
2860. 1.244000e-14
2864. 1.157000e-14
2868. 1.170000e-14
2872. 1.227000e-14
2876. 1.100000e-14
2880. 1.078000e-14
2884. 1.051000e-14
2888. 1.122000e-14
2892. 1.044000e-14
2896. 1.087000e-14
2900. 9.927000e-15
2904. 1.112000e-14
2908. 1.247000e-14
2912. 9.460000e-15
2916. 1.005000e-14
2920. 1.079000e-14
2924. 9.540000e-15
2928. 1.170000e-14
2932. 1.091000e-14
2936. 9.857000e-15
2940. 1.020000e-14
2944. 1.113000e-14
2948. 1.043000e-14
2952. 1.021000e-14
2956. 1.084000e-14
2960. 1.033000e-14
2964. 9.525000e-15
2968. 1.030000e-14
2972. 9.845000e-15
2976. 1.094000e-14
2980. 1.077000e-14
2984. 1.016000e-14
2988. 1.068000e-14
2992. 1.026000e-14
2996. 9.198000e-15
3000. 9.025000e-15
3004. 9.631000e-15
3008. 9.467000e-15
3012. 1.007000e-14
3016. 1.063000e-14
3020. 9.600000e-15
3024. 1.044000e-14
3028. 9.392000e-15
3032. 8.545000e-15
3036. 9.403000e-15
3040. 8.197000e-15
3044. 9.365000e-15
3048. 7.207000e-15
3052. 9.780000e-15
3056. 9.426000e-15
3060. 9.972000e-15
3064. 1.176000e-14
3068. 1.005000e-14
3072. 9.593000e-15
3076. 8.811000e-15
3080. 1.053000e-14
3084. 7.838000e-15
3088. 1.047000e-14
3092. 1.050000e-14
3096. 1.016000e-14
3100. 9.400000e-15
3104. 7.809000e-15
3108. 1.089000e-14
3112. 1.037000e-14
3116. 9.337000e-15
3120. 1.094000e-14
3124. 7.425000e-15
3128. 8.812000e-15
3132. 8.934000e-15
3136. 9.001000e-15
3140. 9.117000e-15
3144. 1.023000e-14
3148. 9.865000e-15
3152. 8.640000e-15
3156. 7.942000e-15
3160. 7.159000e-15
3164. 7.356000e-15
3168. 7.502000e-15
3172. 1.136000e-14
3176. 1.347000e-14
3180. 1.520000e-14
3184. 4.003000e-15
3188. 1.039000e-14
3192. 7.580000e-15
3196. 8.965000e-15
3200. 1.090000e-14
3204. 1.375000e-14
3208. 1.144000e-14
3212. 1.098000e-14
3216. 9.848000e-15
3220. 1.132000e-14
3224. 8.563000e-15
3228. 1.022000e-14
3232. 8.879000e-15
3236. 7.951000e-15
3240. 1.145000e-14
3244. 1.039000e-14
3248. 1.127000e-14
3252. 1.479000e-14
3256. 1.246000e-14
3260. 1.280000e-14
3264. 1.307000e-14
3268. 1.070000e-14
3272. 8.602000e-15
3276. 9.220000e-15
3280. 1.163000e-14
3284. 1.073000e-14
3288. 1.125000e-14
3292. 1.186000e-14
3296. 9.432000e-15
3300. 1.068000e-14
3304. 1.073000e-14
3308. 1.206000e-14
3312. 1.158000e-14
3316. 7.967000e-15
3320. 8.971000e-15
3324. 9.790000e-15
3328. 1.035000e-14
3332. 1.260000e-14
3336. 1.273000e-14
3340. 1.132000e-14
3344. 8.595000e-15
3348. 9.189000e-15
3352. 8.849000e-15
3356. 1.065000e-14
3360. 1.139000e-14
3364. 9.025000e-15
3368. 1.017000e-14
3372. 2.518000e-14
3376. 1.445000e-14
3380. 9.954000e-15
3384. 9.560000e-15
3388. 9.432000e-15
3392. 1.018000e-14
3396. 1.238000e-14
3400. 1.109000e-14
3404. 1.107000e-14
3408. 9.679000e-15
3412. 1.189000e-14
3416. 1.157000e-14
3420. 9.724000e-15
3424. 9.954000e-15
3428. 1.117000e-14
3432. 9.655000e-15
3436. 8.714000e-15
3440. 8.638000e-15
3444. 9.486000e-15
3448. 1.083000e-14
3452. 9.187000e-15
3456. 8.577000e-15
3460. 9.227000e-15
3464. 9.695000e-15
3468. 9.193000e-15
3472. 1.103000e-14
3476. 1.123000e-14
3480. 9.853000e-15
3484. 9.569000e-15
3488. 9.659000e-15
3492. 1.022000e-14
3496. 1.058000e-14
3500. 1.018000e-14
3504. 1.066000e-14
3508. 9.531000e-15
3512. 9.745000e-15
3516. 9.144000e-15
3520. 9.040000e-15
3524. 9.659000e-15
3528. 1.114000e-14
3532. 1.123000e-14
3536. 9.488000e-15
3540. 9.250000e-15
3544. 8.800000e-15
3548. 9.117000e-15
3552. 1.181000e-14
3556. 1.122000e-14
3560. 8.825000e-15
3564. 8.883000e-15
3568. 8.188000e-15
3572. 8.676000e-15
3576. 8.453000e-15
3580. 9.920000e-15
3584. 8.440000e-15
3588. 9.371000e-15
3592. 1.012000e-14
3596. 9.308000e-15
3600. 8.914000e-15
3604. 8.793000e-15
3608. 9.362000e-15
3612. 8.827000e-15
3616. 7.970000e-15
3620. 8.827000e-15
3624. 9.605000e-15
3628. 9.067000e-15
3632. 8.903000e-15
3636. 8.257000e-15
3640. 8.829000e-15
3644. 9.063000e-15
3648. 9.275000e-15
3652. 7.477000e-15
3656. 7.576000e-15
3660. 8.550000e-15
3664. 7.749000e-15
3668. 8.289000e-15
3672. 9.128000e-15
3676. 9.198000e-15
3680. 9.198000e-15
3684. 9.587000e-15
3688. 7.992000e-15
3692. 8.473000e-15
3696. 9.542000e-15
3700. 9.659000e-15
3704. 9.083000e-15
3708. 9.070000e-15
3712. 9.290000e-15
3716. 1.179000e-14
3720. 2.095000e-14
3724. 4.102000e-14
3728. 4.997000e-14
3732. 3.438000e-14
3736. 2.342000e-14
3740. 1.811000e-14
3744. 1.238000e-14
3748. 9.504000e-15
3752. 9.283000e-15
3756. 9.479000e-15
3760. 9.313000e-15
3764. 9.409000e-15
3768. 9.250000e-15
3772. 9.175000e-15
3776. 9.178000e-15
3780. 1.001000e-14
3784. 9.666000e-15
3788. 9.101000e-15
3792. 9.576000e-15
3796. 9.202000e-15
3800. 9.085000e-15
3804. 9.425000e-15
3808. 9.886000e-15
3812. 9.974000e-15
3816. 9.851000e-15
3820. 9.835000e-15
3824. 8.732000e-15
3828. 8.797000e-15
3832. 8.993000e-15
3836. 9.941000e-15
3840. 9.990000e-15
3844. 9.747000e-15
3848. 9.214000e-15
3852. 9.308000e-15
3856. 1.028000e-14
3860. 1.096000e-14
3864. 1.357000e-14
3868. 1.621000e-14
3872. 1.419000e-14
3876. 1.192000e-14
3880. 1.185000e-14
3884. 1.167000e-14
3888. 1.134000e-14
3892. 1.111000e-14
3896. 1.040000e-14
3900. 9.895000e-15
3904. 9.585000e-15
3908. 9.877000e-15
3912. 9.428000e-15
3916. 9.387000e-15
3920. 9.891000e-15
3924. 9.792000e-15
3928. 9.729000e-15
3932. 9.173000e-15
3936. 8.651000e-15
3940. 9.122000e-15
3944. 9.911000e-15
3948. 1.004000e-14
3952. 1.004000e-14
3956. 9.814000e-15
3960. 9.583000e-15
3964. 1.107000e-14
3968. 1.245000e-14
3972. 1.142000e-14
3976. 1.058000e-14
3980. 1.040000e-14
3984. 9.832000e-15
3988. 9.533000e-15
3992. 9.437000e-15
3996. 9.677000e-15
4000. 9.981000e-15
4004. 9.959000e-15
4008. 1.012000e-14
4012. 1.023000e-14
4016. 1.018000e-14
4020. 1.032000e-14
4024. 1.003000e-14
4028. 9.297000e-15
4032. 9.342000e-15
4036. 9.518000e-15
4040. 1.006000e-14
4044. 1.000000e-14
4048. 9.911000e-15
4052. 1.021000e-14
4056. 1.011000e-14
4060. 9.515000e-15
4064. 9.236000e-15
4068. 9.551000e-15
4072. 9.592000e-15
4076. 9.101000e-15
4080. 8.768000e-15
4084. 8.939000e-15
4088. 9.085000e-15
4092. 9.167000e-15
4096. 1.047000e-14
4100. 1.229000e-14
4104. 1.147000e-14
4108. 1.065000e-14
4112. 1.004000e-14
4116. 9.745000e-15
4120. 9.472000e-15
4124. 9.601000e-15
4128. 9.635000e-15
4132. 9.439000e-15
4136. 8.914000e-15
4140. 8.770000e-15
4144. 8.829000e-15
4148. 8.586000e-15
4152. 8.795000e-15
4156. 8.611000e-15
4160. 9.126000e-15
4164. 8.901000e-15
4168. 8.705000e-15
4172. 8.622000e-15
4176. 8.505000e-15
4180. 9.115000e-15
4184. 9.497000e-15
4188. 9.839000e-15
4192. 9.268000e-15
4196. 9.025000e-15
4200. 9.124000e-15
4204. 9.164000e-15
4208. 9.423000e-15
4212. 9.148000e-15
4216. 8.975000e-15
4220. 9.011000e-15
4224. 9.004000e-15
4228. 8.651000e-15
4232. 8.917000e-15
4236. 8.838000e-15
4240. 8.440000e-15
4244. 8.392000e-15
4248. 8.752000e-15
4252. 9.077000e-15
4256. 8.822000e-15
4260. 8.874000e-15
4264. 9.484000e-15
4268. 9.542000e-15
4272. 9.522000e-15
4276. 9.423000e-15
4280. 8.998000e-15
4284. 8.784000e-15
4288. 8.633000e-15
4292. 8.541000e-15
4296. 8.311000e-15
4300. 7.994000e-15
4304. 7.954000e-15
4308. 8.192000e-15
4312. 8.417000e-15
4316. 8.694000e-15
4320. 8.996000e-15
4324. 8.845000e-15
4328. 8.932000e-15
4332. 9.839000e-15
4336. 1.314000e-14
4340. 1.554000e-14
4344. 1.252000e-14
4348. 1.044000e-14
4352. 1.079000e-14
4356. 1.001000e-14
4360. 9.331000e-15
4364. 8.987000e-15
4368. 8.732000e-15
4372. 8.782000e-15
4376. 8.435000e-15
4380. 8.469000e-15
4384. 8.397000e-15
4388. 8.381000e-15
4392. 8.413000e-15
4396. 8.980000e-15
4400. 8.593000e-15
4404. 8.181000e-15
4408. 7.907000e-15
4412. 8.062000e-15
4416. 7.988000e-15
4420. 8.055000e-15
4424. 8.543000e-15
4428. 8.152000e-15
4432. 7.666000e-15
4436. 7.821000e-15
4440. 8.064000e-15
4444. 8.244000e-15
4448. 8.473000e-15
4452. 8.192000e-15
4456. 8.120000e-15
4460. 7.866000e-15
4464. 7.956000e-15
4468. 8.554000e-15
4472. 9.119000e-15
4476. 8.797000e-15
4480. 8.478000e-15
4484. 8.296000e-15
4488. 7.785000e-15
4492. 7.990000e-15
4496. 8.413000e-15
4500. 8.561000e-15
4504. 8.615000e-15
4508. 8.507000e-15
4512. 8.674000e-15
4516. 8.498000e-15
4520. 8.084000e-15
4524. 8.109000e-15
4528. 8.411000e-15
4532. 7.936000e-15
4536. 8.084000e-15
4540. 8.158000e-15
4544. 7.929000e-15
4548. 7.691000e-15
4552. 7.951000e-15
4556. 8.037000e-15
4560. 8.023000e-15
4564. 7.997000e-15
4568. 8.071000e-15
4572. 7.922000e-15
4576. 7.920000e-15
4580. 8.082000e-15
4584. 7.616000e-15
4588. 7.355000e-15
4592. 7.596000e-15
4596. 7.954000e-15
4600. 7.695000e-15
4604. 7.877000e-15
4608. 7.882000e-15
4612. 7.564000e-15
4616. 7.810000e-15
4620. 7.938000e-15
4624. 7.907000e-15
4628. 7.580000e-15
4632. 7.589000e-15
4636. 7.776000e-15
4640. 8.037000e-15
4644. 8.420000e-15
4648. 8.170000e-15
4652. 8.183000e-15
4656. 7.967000e-15
4660. 8.233000e-15
4664. 8.500000e-15
4668. 8.237000e-15
4672. 8.068000e-15
4676. 7.909000e-15
4680. 8.357000e-15
4684. 8.480000e-15
4688. 8.338000e-15
4692. 8.260000e-15
4696. 8.401000e-15
4700. 8.300000e-15
4704. 7.974000e-15
4708. 7.983000e-15
4712. 8.392000e-15
4716. 7.877000e-15
4720. 7.677000e-15
4724. 7.470000e-15
4728. 7.767000e-15
4732. 7.648000e-15
4736. 7.740000e-15
4740. 7.691000e-15
4744. 7.396000e-15
4748. 7.515000e-15
4752. 7.637000e-15
4756. 7.240000e-15
4760. 7.492000e-15
4764. 7.290000e-15
4768. 7.254000e-15
4772. 7.913000e-15
4776. 8.048000e-15
4780. 7.790000e-15
4784. 7.531000e-15
4788. 7.457000e-15
4792. 7.780000e-15
4796. 7.540000e-15
4800. 7.331000e-15
4804. 7.477000e-15
4808. 7.553000e-15
4812. 7.684000e-15
4816. 7.666000e-15
4820. 7.486000e-15
4824. 7.227000e-15
4828. 7.029000e-15
4832. 7.290000e-15
4836. 7.187000e-15
4840. 7.216000e-15
4844. 7.322000e-15
4848. 7.686000e-15
4852. 9.385000e-15
4856. 1.651000e-14
4860. 2.583000e-14
4864. 2.297000e-14
4868. 1.403000e-14
4872. 1.222000e-14
4876. 1.202000e-14
4880. 9.655000e-15
4884. 8.251000e-15
4888. 7.488000e-15
4892. 7.578000e-15
4896. 7.517000e-15
4900. 7.486000e-15
4904. 7.153000e-15
4908. 7.358000e-15
4912. 7.315000e-15
4916. 7.220000e-15
4920. 6.896000e-15
4924. 7.000000e-15
4928. 7.457000e-15
4932. 7.549000e-15
4936. 7.310000e-15
4940. 7.474000e-15
4944. 7.830000e-15
4948. 8.811000e-15
4952. 1.515000e-14
4956. 2.952000e-14
4960. 3.391000e-14
4964. 2.185000e-14
4968. 1.353000e-14
4972. 1.306000e-14
4976. 1.110000e-14
4980. 8.692000e-15
4984. 7.918000e-15
4988. 7.893000e-15
4992. 8.955000e-15
4996. 1.230000e-14
5000. 3.112000e-14
5004. 7.576000e-14
5008. 9.146000e-14
5012. 5.326000e-14
5016. 2.693000e-14
5020. 2.446000e-14
5024. 1.838000e-14
5028. 1.104000e-14
5032. 8.816000e-15
5036. 8.073000e-15
5040. 7.571000e-15
5044. 7.418000e-15
5048. 7.292000e-15
5052. 7.231000e-15
5056. 7.171000e-15
5060. 7.006000e-15
5064. 6.647000e-15
5068. 6.466000e-15
5072. 7.043000e-15
5076. 7.085000e-15
5080. 6.856000e-15
5084. 6.845000e-15
5088. 7.130000e-15
5092. 6.759000e-15
5096. 6.712000e-15
5100. 6.903000e-15
5104. 6.633000e-15
5108. 6.824000e-15
5112. 6.784000e-15
5116. 7.034000e-15
5120. 7.139000e-15
5124. 6.955000e-15
5128. 6.930000e-15
5132. 6.512000e-15
5136. 6.629000e-15
5140. 6.687000e-15
5144. 6.345000e-15
5148. 6.635000e-15
5152. 7.015000e-15
5156. 6.827000e-15
5160. 6.536000e-15
5164. 6.410000e-15
5168. 6.737000e-15
5172. 6.714000e-15
5176. 6.406000e-15
5180. 6.440000e-15
5184. 6.325000e-15
5188. 6.295000e-15
5192. 6.516000e-15
5196. 6.824000e-15
5200. 6.624000e-15
5204. 6.129000e-15
5208. 6.260000e-15
5212. 6.478000e-15
5216. 6.361000e-15
5220. 6.381000e-15
5224. 6.509000e-15
5228. 6.224000e-15
5232. 6.136000e-15
5236. 6.192000e-15
5240. 6.665000e-15
5244. 6.619000e-15
5248. 6.352000e-15
5252. 6.172000e-15
5256. 6.559000e-15
5260. 6.554000e-15
5264. 6.601000e-15
5268. 6.320000e-15
5272. 6.430000e-15
5276. 6.208000e-15
5280. 6.122000e-15
5284. 6.277000e-15
5288. 5.643000e-15
5292. 5.643000e-15
5296. 6.638000e-15
5300. 6.475000e-15
5304. 5.279000e-15
5308. 5.427000e-15
5312. 5.681000e-15
5316. 6.059000e-15
5320. 6.028000e-15
5324. 5.900000e-15
5328. 5.972000e-15
5332. 6.190000e-15
5336. 6.203000e-15
5340. 6.046000e-15
5344. 6.127000e-15
5348. 6.500000e-15
5352. 6.631000e-15
5356. 6.370000e-15
5360. 6.593000e-15
5364. 6.300000e-15
5368. 6.221000e-15
5372. 6.338000e-15
5376. 6.361000e-15
5380. 6.444000e-15
5384. 6.584000e-15
5388. 6.469000e-15
5392. 7.018000e-15
5396. 6.354000e-15
5400. 5.852000e-15
5404. 6.172000e-15
5408. 6.032000e-15
5412. 6.426000e-15
5416. 4.968000e-15
5420. 4.999000e-15
5424. 6.665000e-15
5428. 4.858000e-15
5432. 3.670000e-15
5436. 4.655000e-15
5440. 5.861000e-15
5444. 5.045000e-15
5448. 5.006000e-15
5452. 6.469000e-15
5456. 6.255000e-15
5460. 5.767000e-15
5464. 5.544000e-15
5468. 5.740000e-15
5472. 6.100000e-15
5476. 5.843000e-15
5480. 4.876000e-15
5484. 4.831000e-15
5488. 4.930000e-15
5492. 5.357000e-15
5496. 5.389000e-15
5500. 5.247000e-15
5504. 5.400000e-15
5508. 4.788000e-15
5512. 5.900000e-15
5516. 6.370000e-15
5520. 6.653000e-15
5524. 6.849000e-15
5528. 6.194000e-15
5532. 5.940000e-15
5536. 6.386000e-15
5540. 6.788000e-15
5544. 6.307000e-15
5548. 5.760000e-15
5552. 5.182000e-15
5556. 5.618000e-15
5560. 5.972000e-15
5564. 5.861000e-15
5568. 6.111000e-15
5572. 6.043000e-15
5576. 6.302000e-15
5580. 6.093000e-15
5584. 5.864000e-15
5588. 5.674000e-15
5592. 5.474000e-15
5596. 5.629000e-15
5600. 6.050000e-15
5604. 5.794000e-15
5608. 5.672000e-15
5612. 5.755000e-15
5616. 6.286000e-15
5620. 5.823000e-15
5624. 6.107000e-15
5628. 5.940000e-15
5632. 5.859000e-15
5636. 5.832000e-15
5640. 5.985000e-15
5644. 6.214000e-15
5648. 6.352000e-15
5652. 6.581000e-15
5656. 6.255000e-15
5660. 6.001000e-15
5664. 6.244000e-15
5668. 5.765000e-15
5672. 5.272000e-15
5676. 5.321000e-15
5680. 5.816000e-15
5684. 5.827000e-15
5688. 5.454000e-15
5692. 5.368000e-15
5696. 5.821000e-15
5700. 5.249000e-15
5704. 5.645000e-15
5708. 5.654000e-15
5712. 5.823000e-15
5716. 5.861000e-15
5720. 6.176000e-15
5724. 5.776000e-15
5728. 5.411000e-15
5732. 5.569000e-15
5736. 5.573000e-15
5740. 6.244000e-15
5744. 6.251000e-15
5748. 6.115000e-15
5752. 5.922000e-15
5756. 5.868000e-15
5760. 6.530000e-15
5764. 6.237000e-15
5768. 5.881000e-15
5772. 5.339000e-15
5776. 5.747000e-15
5780. 5.769000e-15
5784. 5.954000e-15
5788. 5.875000e-15
5792. 6.098000e-15
5796. 5.575000e-15
5800. 5.567000e-15
5804. 5.544000e-15
5808. 5.945000e-15
5812. 5.978000e-15
5816. 6.008000e-15
5820. 5.864000e-15
5824. 5.571000e-15
5828. 6.010000e-15
5832. 5.960000e-15
5836. 5.537000e-15
5840. 5.395000e-15
5844. 5.686000e-15
5848. 5.488000e-15
5852. 5.789000e-15
5856. 5.832000e-15
5860. 6.046000e-15
5864. 6.127000e-15
5868. 6.343000e-15
5872. 7.011000e-15
5876. 7.400000e-15
5880. 6.786000e-15
5884. 6.122000e-15
5888. 5.751000e-15
5892. 5.850000e-15
5896. 5.404000e-15
5900. 5.697000e-15
5904. 5.564000e-15
5908. 5.279000e-15
5912. 5.445000e-15
5916. 5.949000e-15
5920. 5.697000e-15
5924. 5.650000e-15
5928. 5.303000e-15
5932. 5.906000e-15
5936. 5.672000e-15
5940. 6.041000e-15
5944. 5.324000e-15
5948. 5.647000e-15
5952. 5.141000e-15
5956. 5.206000e-15
5960. 5.474000e-15
5964. 5.479000e-15
5968. 5.294000e-15
5972. 5.695000e-15
5976. 5.598000e-15
5980. 6.008000e-15
5984. 6.021000e-15
5988. 5.468000e-15
5992. 5.575000e-15
5996. 5.708000e-15
6000. 5.308000e-15
6004. 5.065000e-15
6008. 5.225000e-15
6012. 5.483000e-15
6016. 5.686000e-15
6020. 5.544000e-15
6024. 5.760000e-15
6028. 5.627000e-15
6032. 5.738000e-15
6036. 5.515000e-15
6040. 5.335000e-15
6044. 5.251000e-15
6048. 5.582000e-15
6052. 5.209000e-15
6056. 5.809000e-15
6060. 5.965000e-15
6064. 5.798000e-15
6068. 5.537000e-15
6072. 5.809000e-15
6076. 6.140000e-15
6080. 5.985000e-15
6084. 6.102000e-15
6088. 5.593000e-15
6092. 5.521000e-15
6096. 5.488000e-15
6100. 5.549000e-15
6104. 5.985000e-15
6108. 5.407000e-15
6112. 5.506000e-15
6116. 5.839000e-15
6120. 5.933000e-15
6124. 5.526000e-15
6128. 5.859000e-15
6132. 5.578000e-15
6136. 5.360000e-15
6140. 5.589000e-15
6144. 5.897000e-15
6148. 5.335000e-15
6152. 5.242000e-15
6156. 5.213000e-15
6160. 5.333000e-15
6164. 5.362000e-15
6168. 5.308000e-15
6172. 5.497000e-15
6176. 5.290000e-15
6180. 5.908000e-15
6184. 5.265000e-15
6188. 5.045000e-15
6192. 5.409000e-15
6196. 5.404000e-15
6200. 5.506000e-15
6204. 5.231000e-15
6208. 5.105000e-15
6212. 4.925000e-15
6216. 5.292000e-15
6220. 5.040000e-15
6224. 4.793000e-15
6228. 4.840000e-15
6232. 5.420000e-15
6236. 5.213000e-15
6240. 4.981000e-15
6244. 5.065000e-15
6248. 4.973000e-15
6252. 4.622000e-15
6256. 4.903000e-15
6260. 5.341000e-15
6264. 5.483000e-15
6268. 5.468000e-15
6272. 5.452000e-15
6276. 5.494000e-15
6280. 5.130000e-15
6284. 4.885000e-15
6288. 5.173000e-15
6292. 5.674000e-15
6296. 6.023000e-15
6300. 6.064000e-15
6304. 6.014000e-15
6308. 6.115000e-15
6312. 5.449000e-15
6316. 5.519000e-15
6320. 5.461000e-15
6324. 5.740000e-15
6328. 5.454000e-15
6332. 5.335000e-15
6336. 5.504000e-15
6340. 5.485000e-15
6344. 5.218000e-15
6348. 5.121000e-15
6352. 4.804000e-15
6356. 5.143000e-15
6360. 5.562000e-15
6364. 5.785000e-15
6368. 5.681000e-15
6372. 5.827000e-15
6376. 5.454000e-15
6380. 5.137000e-15
6384. 4.644000e-15
6388. 4.903000e-15
6392. 4.808000e-15
6396. 4.811000e-15
6400. 4.835000e-15
6404. 5.123000e-15
6408. 4.610000e-15
6412. 4.430000e-15
6416. 4.662000e-15
6420. 4.705000e-15
6424. 4.392000e-15
6428. 4.189000e-15
6432. 4.729000e-15
6436. 5.229000e-15
6440. 4.993000e-15
6444. 4.826000e-15
6448. 4.916000e-15
6452. 5.094000e-15
6456. 5.276000e-15
6460. 5.249000e-15
6464. 5.454000e-15
6468. 5.245000e-15
6472. 5.087000e-15
6476. 5.315000e-15
6480. 5.076000e-15
6484. 4.954000e-15
6488. 4.950000e-15
6492. 5.168000e-15
6496. 5.315000e-15
6500. 5.152000e-15
6504. 4.999000e-15
6508. 4.790000e-15
6512. 4.928000e-15
6516. 5.308000e-15
6520. 4.815000e-15
6524. 5.162000e-15
6528. 5.708000e-15
6532. 6.017000e-15
6536. 6.473000e-15
6540. 6.662000e-15
6544. 7.672000e-15
6548. 1.308000e-14
6552. 2.646000e-14
6556. 3.708000e-14
6560. 4.007000e-14
6564. 4.880000e-14
6568. 4.406000e-14
6572. 2.583000e-14
6576. 2.043000e-14
6580. 2.738000e-14
6584. 2.403000e-14
6588. 1.329000e-14
6592. 8.102000e-15
6596. 7.331000e-15
6600. 8.111000e-15
6604. 7.483000e-15
6608. 5.753000e-15
6612. 4.876000e-15
6616. 4.921000e-15
6620. 5.081000e-15
6624. 5.006000e-15
6628. 4.912000e-15
6632. 5.045000e-15
6636. 4.871000e-15
6640. 4.772000e-15
6644. 5.152000e-15
6648. 4.981000e-15
6652. 4.822000e-15
6656. 4.448000e-15
6660. 4.340000e-15
6664. 4.331000e-15
6668. 4.770000e-15
6672. 5.560000e-15
6676. 5.839000e-15
6680. 5.638000e-15
6684. 5.580000e-15
6688. 5.386000e-15
6692. 4.586000e-15
6696. 5.186000e-15
6700. 5.195000e-15
6704. 5.373000e-15
6708. 7.162000e-15
6712. 8.786000e-15
6716. 9.968000e-15
6720. 1.023000e-14
6724. 9.614000e-15
6728. 9.337000e-15
6732. 9.601000e-15
6736. 8.926000e-15
6740. 7.173000e-15
6744. 6.327000e-15
6748. 6.232000e-15
6752. 5.780000e-15
6756. 5.294000e-15
6760. 4.727000e-15
6764. 4.450000e-15
6768. 4.502000e-15
6772. 4.815000e-15
6776. 5.809000e-15
6780. 5.726000e-15
6784. 4.576000e-15
6788. 4.399000e-15
6792. 4.478000e-15
6796. 4.725000e-15
6800. 4.752000e-15
6804. 5.130000e-15
6808. 4.808000e-15
6812. 4.478000e-15
6816. 4.192000e-15
6820. 4.052000e-15
6824. 4.747000e-15
6828. 5.324000e-15
6832. 4.981000e-15
6836. 4.441000e-15
6840. 3.969000e-15
6844. 4.093000e-15
6848. 4.671000e-15
6852. 6.923000e-15
6856. 6.509000e-15
6860. 4.340000e-15
6864. 4.264000e-15
6868. 4.396000e-15
6872. 4.433000e-15
6876. 4.541000e-15
6880. 4.034000e-15
6884. 4.421000e-15
6888. 5.249000e-15
6892. 4.680000e-15
6896. 5.296000e-15
6900. 4.874000e-15
6904. 4.622000e-15
6908. 5.083000e-15
6912. 4.741000e-15
6916. 3.998000e-15
6920. 4.399000e-15
6924. 4.925000e-15
6928. 4.775000e-15
6932. 4.727000e-15
6936. 4.149000e-15
6940. 3.337000e-15
6944. 4.563000e-15
6948. 4.388000e-15
6952. 3.958000e-15
6956. 3.951000e-15
6960. 4.379000e-15
6964. 4.306000e-15
6968. 3.967000e-15
6972. 4.471000e-15
6976. 5.213000e-15
6980. 4.491000e-15
6984. 5.004000e-15
6988. 4.626000e-15
6992. 5.539000e-15
6996. 5.427000e-15
7000. 3.517000e-15
7004. 2.781000e-15
7008. 4.381000e-15
7012. 5.886000e-15
7016. 5.308000e-15
7020. 4.525000e-15
7024. 4.793000e-15
7028. 5.202000e-15
7032. 5.182000e-15
7036. 5.096000e-15
7040. 4.617000e-15
7044. 5.596000e-15
7048. 4.853000e-15
7052. 4.061000e-15
7056. 4.340000e-15
7060. 4.367000e-15
7064. 5.164000e-15
7068. 5.350000e-15
7072. 5.879000e-15
7076. 5.414000e-15
7080. 5.143000e-15
7084. 5.726000e-15
7088. 6.536000e-15
7092. 6.277000e-15
7096. 5.357000e-15
7100. 3.152000e-15
7104. 3.589000e-15
7108. 4.635000e-15
7112. 5.470000e-15
7116. 4.586000e-15
7120. 4.579000e-15
7124. 5.065000e-15
7128. 5.769000e-15
7132. 8.165000e-15
7136. 8.453000e-15
7140. 6.073000e-15
7144. 3.292000e-15
7148. 3.645000e-15
7152. 4.576000e-15
7156. 4.237000e-15
7160. 3.170000e-15
7164. 4.100000e-15
7168. 3.348000e-15
7172. 4.176000e-15
7176. 4.187000e-15
7180. 5.656000e-15
7184. 6.127000e-15
7188. 4.536000e-15
7192. 4.813000e-15
7196. 3.890000e-15
7200. 3.490000e-15
7204. 3.168000e-15
7208. 5.276000e-15
7212. 4.007000e-15
7216. 4.459000e-15
7220. 3.456000e-15
7224. 4.635000e-15
7228. 5.951000e-15
7232. 5.704000e-15
7236. 2.315000e-15
7240. 3.901000e-15
7244. 4.919000e-15
7248. 5.555000e-15
7252. 5.967000e-15
7256. 7.218000e-15
7260. 5.312000e-15
7264. 4.975000e-15
7268. 5.893000e-15
7272. 5.296000e-15
7276. 5.202000e-15
7280. 4.259000e-15
7284. 4.007000e-15
7288. 3.616000e-15
7292. 3.325000e-15
7296. 4.756000e-15
7300. 4.464000e-15
7304. 4.261000e-15
7308. 4.046000e-15
7312. 4.813000e-15
7316. 5.216000e-15
7320. 5.166000e-15
7324. 4.919000e-15
7328. 5.119000e-15
7332. 4.435000e-15
7336. 4.513000e-15
7340. 4.406000e-15
7344. 4.032000e-15
7348. 4.295000e-15
7352. 4.480000e-15
7356. 4.280000e-15
7360. 4.484000e-15
7364. 4.376000e-15
7368. 4.331000e-15
7372. 4.556000e-15
7376. 4.455000e-15
7380. 4.633000e-15
7384. 4.489000e-15
7388. 4.052000e-15
7392. 4.410000e-15
7396. 4.223000e-15
7400. 4.338000e-15
7404. 4.210000e-15
7408. 4.226000e-15
7412. 4.239000e-15
7416. 4.365000e-15
7420. 4.113000e-15
7424. 4.356000e-15
7428. 4.095000e-15
7432. 4.250000e-15
7436. 4.129000e-15
7440. 4.145000e-15
7444. 4.518000e-15
7448. 4.439000e-15
7452. 4.043000e-15
7456. 3.521000e-15
7460. 3.886000e-15
7464. 4.219000e-15
7468. 4.315000e-15
7472. 4.192000e-15
7476. 4.365000e-15
7480. 4.235000e-15
7484. 4.268000e-15
7488. 4.039000e-15
7492. 4.334000e-15
7496. 4.212000e-15
7500. 3.980000e-15
7504. 4.221000e-15
7508. 4.304000e-15
7512. 4.295000e-15
7516. 4.149000e-15
7520. 4.068000e-15
7524. 4.145000e-15
7528. 4.212000e-15
7532. 4.264000e-15
7536. 4.131000e-15
7540. 4.360000e-15
7544. 4.070000e-15
7548. 4.329000e-15
7552. 4.302000e-15
7556. 4.455000e-15
7560. 4.399000e-15
7564. 4.696000e-15
7568. 4.680000e-15
7572. 4.203000e-15
7576. 3.802000e-15
7580. 3.800000e-15
7584. 3.989000e-15
7588. 4.104000e-15
7592. 4.376000e-15
7596. 4.268000e-15
7600. 4.489000e-15
7604. 4.417000e-15
7608. 3.980000e-15
7612. 3.949000e-15
7616. 3.744000e-15
7620. 4.448000e-15
7624. 4.327000e-15
7628. 4.466000e-15
7632. 4.241000e-15
7636. 4.214000e-15
7640. 4.444000e-15
7644. 4.212000e-15
7648. 4.039000e-15
7652. 3.881000e-15
7656. 3.856000e-15
7660. 4.183000e-15
7664. 4.036000e-15
7668. 4.558000e-15
7672. 4.324000e-15
7676. 4.255000e-15
7680. 4.183000e-15
7684. 4.111000e-15
7688. 4.147000e-15
7692. 4.095000e-15
7696. 4.230000e-15
7700. 4.520000e-15
7704. 4.169000e-15
7708. 4.414000e-15
7712. 3.852000e-15
7716. 4.034000e-15
7720. 4.090000e-15
7724. 4.221000e-15
7728. 4.185000e-15
7732. 4.354000e-15
7736. 4.295000e-15
7740. 4.162000e-15
7744. 4.846000e-15
7748. 4.693000e-15
7752. 4.502000e-15
7756. 4.356000e-15
7760. 4.419000e-15
7764. 4.261000e-15
7768. 4.469000e-15
7772. 3.854000e-15
7776. 3.942000e-15
7780. 3.924000e-15
7784. 3.845000e-15
7788. 4.250000e-15
7792. 4.212000e-15
7796. 4.196000e-15
7800. 4.183000e-15
7804. 4.199000e-15
7808. 4.268000e-15
7812. 4.291000e-15
7816. 4.003000e-15
7820. 4.012000e-15
7824. 4.171000e-15
7828. 4.106000e-15
7832. 4.113000e-15
7836. 4.563000e-15
7840. 4.509000e-15
7844. 4.304000e-15
7848. 3.850000e-15
7852. 3.350000e-15
7856. 4.207000e-15
7860. 4.306000e-15
7864. 4.214000e-15
7868. 4.459000e-15
7872. 4.118000e-15
7876. 4.066000e-15
7880. 4.120000e-15
7884. 3.710000e-15
7888. 3.737000e-15
7892. 3.944000e-15
7896. 4.187000e-15
7900. 3.982000e-15
7904. 4.201000e-15
7908. 4.226000e-15
7912. 4.203000e-15
7916. 4.228000e-15
7920. 3.992000e-15
7924. 3.854000e-15
7928. 3.924000e-15
7932. 3.937000e-15
7936. 3.695000e-15
7940. 3.710000e-15
7944. 3.897000e-15
7948. 3.856000e-15
7952. 3.951000e-15
7956. 4.118000e-15
7960. 3.841000e-15
7964. 3.926000e-15
7968. 3.888000e-15
7972. 3.724000e-15
7976. 3.659000e-15
7980. 3.940000e-15
7984. 3.883000e-15
7988. 3.847000e-15
7992. 3.744000e-15
7996. 3.787000e-15
8000. 3.870000e-15
8004. 3.895000e-15
8008. 4.009000e-15
8012. 3.609000e-15
8016. 3.971000e-15
8020. 3.942000e-15
8024. 3.577000e-15
8028. 3.814000e-15
8032. 4.111000e-15
8036. 3.496000e-15
8040. 3.431000e-15
8044. 4.003000e-15
8048. 4.140000e-15
8052. 3.947000e-15
8056. 3.996000e-15
8060. 3.787000e-15
8064. 3.814000e-15
8068. 3.827000e-15
8072. 3.823000e-15
8076. 3.638000e-15
8080. 3.542000e-15
8084. 4.145000e-15
8088. 3.382000e-15
8092. 3.976000e-15
8096. 4.230000e-15
8100. 3.740000e-15
8104. 3.928000e-15
8108. 3.940000e-15
8112. 3.899000e-15
8116. 3.841000e-15
8120. 3.958000e-15
8124. 4.090000e-15
8128. 3.879000e-15
8132. 4.019000e-15
8136. 3.861000e-15
8140. 3.382000e-15
8144. 3.802000e-15
8148. 3.735000e-15
8152. 3.733000e-15
8156. 3.794000e-15
8160. 3.816000e-15
8164. 4.300000e-15
8168. 4.088000e-15
8172. 4.036000e-15
8176. 3.994000e-15
8180. 4.160000e-15
8184. 4.401000e-15
8188. 4.102000e-15
8192. 4.408000e-15
8196. 3.577000e-15
8200. 3.296000e-15
8204. 3.393000e-15
8208. 3.485000e-15
8212. 3.458000e-15
8216. 3.856000e-15
8220. 4.396000e-15
8224. 3.479000e-15
8228. 3.715000e-15
8232. 3.841000e-15
8236. 3.973000e-15
8240. 4.145000e-15
8244. 3.956000e-15
8248. 3.490000e-15
8252. 3.904000e-15
8256. 3.895000e-15
8260. 3.384000e-15
8264. 3.812000e-15
8268. 3.301000e-15
8272. 3.645000e-15
8276. 3.645000e-15
8280. 3.485000e-15
8284. 3.888000e-15
8288. 3.366000e-15
8292. 3.242000e-15
8296. 4.021000e-15
8300. 3.690000e-15
8304. 3.134000e-15
8308. 3.226000e-15
8312. 3.429000e-15
8316. 3.447000e-15
8320. 3.699000e-15
8324. 3.359000e-15
8328. 3.533000e-15
8332. 3.458000e-15
8336. 3.755000e-15
8340. 3.751000e-15
8344. 3.845000e-15
8348. 3.834000e-15
8352. 3.240000e-15
8356. 3.281000e-15
8360. 3.614000e-15
8364. 3.551000e-15
8368. 3.452000e-15
8372. 3.204000e-15
8376. 3.566000e-15
8380. 3.836000e-15
8384. 3.697000e-15
8388. 3.859000e-15
8392. 3.960000e-15
8396. 3.661000e-15
8400. 3.249000e-15
8404. 3.832000e-15
8408. 3.753000e-15
8412. 3.744000e-15
8416. 3.517000e-15
8420. 3.879000e-15
8424. 4.019000e-15
8428. 3.681000e-15
8432. 3.713000e-15
8436. 3.609000e-15
8440. 3.580000e-15
8444. 3.775000e-15
8448. 4.090000e-15
8452. 3.386000e-15
8456. 3.555000e-15
8460. 3.674000e-15
8464. 3.474000e-15
8468. 3.375000e-15
8472. 3.870000e-15
8476. 3.609000e-15
8480. 3.049000e-15
8484. 3.287000e-15
8488. 3.571000e-15
8492. 3.809000e-15
8496. 3.735000e-15
8500. 3.017000e-15
8504. 3.229000e-15
8508. 3.224000e-15
8512. 3.737000e-15
8516. 3.393000e-15
8520. 3.614000e-15
8524. 3.874000e-15
8528. 3.436000e-15
8532. 3.609000e-15
8536. 2.824000e-15
8540. 3.476000e-15
8544. 2.725000e-15
8548. 3.479000e-15
8552. 3.370000e-15
8556. 3.512000e-15
8560. 3.487000e-15
8564. 3.812000e-15
8568. 3.568000e-15
8572. 3.397000e-15
8576. 3.629000e-15
8580. 3.319000e-15
8584. 3.593000e-15
8588. 3.438000e-15
8592. 3.501000e-15
8596. 3.436000e-15
8600. 4.048000e-15
8604. 3.472000e-15
8608. 3.940000e-15
8612. 3.413000e-15
8616. 3.600000e-15
8620. 3.551000e-15
8624. 3.614000e-15
8628. 3.737000e-15
8632. 3.654000e-15
8636. 3.634000e-15
8640. 3.434000e-15
8644. 3.463000e-15
8648. 3.620000e-15
8652. 3.137000e-15
8656. 3.368000e-15
8660. 3.901000e-15
8664. 3.996000e-15
8668. 3.611000e-15
8672. 3.168000e-15
8676. 3.661000e-15
8680. 3.546000e-15
8684. 3.778000e-15
8688. 3.366000e-15
8692. 3.373000e-15
8696. 3.420000e-15
8700. 3.589000e-15
8704. 4.145000e-15
8708. 3.679000e-15
8712. 3.825000e-15
8716. 4.282000e-15
8720. 3.616000e-15
8724. 3.775000e-15
8728. 3.276000e-15
8732. 3.654000e-15
8736. 3.222000e-15
8740. 3.627000e-15
8744. 3.816000e-15
8748. 3.746000e-15
8752. 4.516000e-15
8756. 3.195000e-15
8760. 3.670000e-15
8764. 3.474000e-15
8768. 3.350000e-15
8772. 3.789000e-15
8776. 3.809000e-15
8780. 3.575000e-15
8784. 3.407000e-15
8788. 4.309000e-15
8792. 3.699000e-15
8796. 3.514000e-15
8800. 3.314000e-15
8804. 3.042000e-15
8808. 3.580000e-15
8812. 3.969000e-15
8816. 3.688000e-15
8820. 3.577000e-15
8824. 3.506000e-15
8828. 3.573000e-15
8832. 2.464000e-15
8836. 3.119000e-15
8840. 3.519000e-15
8844. 3.656000e-15
8848. 3.121000e-15
8852. 3.299000e-15
8856. 4.023000e-15
8860. 3.665000e-15
8864. 2.934000e-15
8868. 3.850000e-15
8872. 3.670000e-15
8876. 3.994000e-15
8880. 3.674000e-15
8884. 3.402000e-15
8888. 3.517000e-15
8892. 3.645000e-15
8896. 3.236000e-15
8900. 3.807000e-15
8904. 3.947000e-15
8908. 3.458000e-15
8912. 3.982000e-15
8916. 4.104000e-15
8920. 4.334000e-15
8924. 3.733000e-15
8928. 3.168000e-15
8932. 3.143000e-15
8936. 3.850000e-15
8940. 3.904000e-15
8944. 3.888000e-15
8948. 3.681000e-15
8952. 3.634000e-15
8956. 3.724000e-15
8960. 3.492000e-15
8964. 3.962000e-15
8968. 3.314000e-15
8972. 3.316000e-15
8976. 3.051000e-15
8980. 3.350000e-15
8984. 3.422000e-15
8988. 3.452000e-15
8992. 3.683000e-15
8996. 3.686000e-15
9000. 3.299000e-15
9004. 3.517000e-15
9008. 3.418000e-15
9012. 3.728000e-15
9016. 3.656000e-15
9020. 3.157000e-15
9024. 2.745000e-15
9028. 3.242000e-15
9032. 3.460000e-15
9036. 3.670000e-15
9040. 3.557000e-15
9044. 3.904000e-15
9048. 3.748000e-15
9052. 4.268000e-15
9056. 4.919000e-15
9060. 6.800000e-15
9064. 9.920000e-15
9068. 9.974000e-15
9072. 6.017000e-15
9076. 3.881000e-15
9080. 3.679000e-15
9084. 3.717000e-15
9088. 3.159000e-15
9092. 3.179000e-15
9096. 4.261000e-15
9100. 3.717000e-15
9104. 4.156000e-15
9108. 3.512000e-15
9112. 3.316000e-15
9116. 3.798000e-15
9120. 3.078000e-15
9124. 3.256000e-15
9128. 3.452000e-15
9132. 3.096000e-15
9136. 3.487000e-15
9140. 2.143000e-15
9144. 2.882000e-15
9148. 2.903000e-15
9152. 3.879000e-15
9156. 3.582000e-15
9160. 3.852000e-15
9164. 3.008000e-15
9168. 2.524000e-15
9172. 2.711000e-15
9176. 2.918000e-15
9180. 3.533000e-15
9184. 2.943000e-15
9188. 3.424000e-15
9192. 3.296000e-15
9196. 3.130000e-15
9200. 4.637000e-15
9204. 2.619000e-15
9208. 1.908000e-15
9212. 2.891000e-15
9216. 2.916000e-15
9220. 4.039000e-15
9224. 5.094000e-15
9228. 9.515000e-15
9232. 8.305000e-15
9236. 6.417000e-15
9240. 3.440000e-15
9244. 2.788000e-15
9248. 2.857000e-15
9252. 3.105000e-15
9256. 2.842000e-15
9260. 2.592000e-15
9264. 4.653000e-15
9268. 3.341000e-15
9272. 3.564000e-15
9276. 2.896000e-15
9280. 3.281000e-15
9284. 4.039000e-15
9288. 3.787000e-15
9292. 3.598000e-15
9296. 3.199000e-15
9300. 3.460000e-15
9304. 4.126000e-15
9308. 3.710000e-15
9312. 2.179000e-15
9316. 3.249000e-15
9320. 4.446000e-15
9324. 2.111000e-15
9328. 4.075000e-15
9332. 3.307000e-15
9336. 2.803000e-15
9340. 2.716000e-15
9344. 3.652000e-15
9348. 3.508000e-15
9352. 3.593000e-15
9356. 4.068000e-15
9360. 4.066000e-15
9364. 3.499000e-15
9368. 4.243000e-15
9372. 3.172000e-15
9376. 3.161000e-15
9380. 3.494000e-15
9384. 3.085000e-15
9388. 3.908000e-15
9392. 3.186000e-15
9396. 3.170000e-15
9400. 3.636000e-15
9404. 3.357000e-15
9408. 3.046000e-15
9412. 3.251000e-15
9416. 2.999000e-15
9420. 2.025000e-15
9424. 3.818000e-15
9428. 3.965000e-15
9432. 3.022000e-15
9436. 2.997000e-15
9440. 2.867000e-15
9444. 2.644000e-15
9448. 3.512000e-15
9452. 3.546000e-15
9456. 2.686000e-15
9460. 2.900000e-15
9464. 3.164000e-15
9468. 2.585000e-15
9472. 2.455000e-15
9476. 3.181000e-15
9480. 3.697000e-15
9484. 3.868000e-15
9488. 3.553000e-15
9492. 3.244000e-15
9496. 2.781000e-15
9500. 3.769000e-15
9504. 2.590000e-15
9508. 3.170000e-15
9512. 4.428000e-15
9516. 5.306000e-15
9520. 8.791000e-15
9524. 1.428000e-14
9528. 1.877000e-14
9532. 1.312000e-14
9536. 5.918000e-15
9540. 4.023000e-15
9544. 3.487000e-15
9548. 5.049000e-15
9552. 4.147000e-15
9556. 3.323000e-15
9560. 2.387000e-15
9564. 3.690000e-15
9568. 2.669000e-15
9572. 3.523000e-15
9576. 3.985000e-15
9580. 3.429000e-15
9584. 3.757000e-15
9588. 3.494000e-15
9592. 3.080000e-15
9596. 3.821000e-15
9600. 3.825000e-15
9604. 4.615000e-15
9608. 3.580000e-15
9612. 3.762000e-15
9616. 2.349000e-15
9620. 2.421000e-15
9624. 2.925000e-15
9628. 2.741000e-15
9632. 3.195000e-15
9636. 3.236000e-15
9640. 4.174000e-15
9644. 3.832000e-15
9648. 2.673000e-15
9652. 2.986000e-15
9656. 3.546000e-15
9660. 2.864000e-15
9664. 3.672000e-15
9668. 3.321000e-15
9672. 4.169000e-15
9676. 3.683000e-15
9680. 3.956000e-15
9684. 4.082000e-15
9688. 3.805000e-15
9692. 4.298000e-15
9696. 2.747000e-15
9700. 3.893000e-15
9704. 4.181000e-15
9708. 2.952000e-15
9712. 3.742000e-15
9716. 4.558000e-15
9720. 4.502000e-15
9724. 4.601000e-15
9728. 3.395000e-15
9732. 3.587000e-15
9736. 3.715000e-15
9740. 5.069000e-15
9744. 2.754000e-15
9748. 3.868000e-15
9752. 3.996000e-15
9756. 3.188000e-15
9760. 3.557000e-15
9764. 3.942000e-15
9768. 3.127000e-15
9772. 5.497000e-15
9776. 5.841000e-15
9780. 3.812000e-15
9784. 5.042000e-15
9788. 5.324000e-15
9792. 3.573000e-15
9796. 2.500000e-15
9800. 2.493000e-15
9804. 3.033000e-15
9808. 4.590000e-15
9812. 3.960000e-15
9816. 4.662000e-15
9820. 4.331000e-15
9824. 4.880000e-15
9828. 5.168000e-15
9832. 4.853000e-15
9836. 3.789000e-15
9840. 3.195000e-15
9844. 3.762000e-15
9848. 5.053000e-15
9852. 5.805000e-15
9856. 4.995000e-15
9860. 4.698000e-15
9864. 4.478000e-15
9868. 5.069000e-15
9872. 5.242000e-15
9876. 4.932000e-15
9880. 5.177000e-15
9884. 4.997000e-15
9888. 5.146000e-15
9892. 5.366000e-15
9896. 4.608000e-15
9900. 4.752000e-15
9904. 4.855000e-15
9908. 4.853000e-15
9912. 4.705000e-15
9916. 4.633000e-15
9920. 4.808000e-15
9924. 4.943000e-15
9928. 4.275000e-15
9932. 3.708000e-15
9936. 3.242000e-15
9940. 4.192000e-15
9944. 5.141000e-15
9948. 5.173000e-15
9952. 5.623000e-15
9956. 6.626000e-15
9960. 0.
9964. 0.
9968. 0.
9972. 0.
9976. 0.
9980. 0.
9984. 0.
9988. 0.
9992. 0.
9996. 0.
10000. 0.
