1100. 0.
1104. 0.
1108. 0.
1112. 0.
1116. 0.
1120. 0.
1124. 0.
1128. 0.
1132. 0.
1136. 0.
1140. 0.
1144. 0.
1148. 0.
1152. 0.
1156. 0.
1160. 0.
1164. 0.
1168. 0.
1172. 0.
1176. 0.
1180. 0.
1184. 0.
1188. 0.
1192. 0.
1196. 0.
1200. 0.
1204. 0.
1208. 0.
1212. 0.
1216. 0.
1220. 0.
1224. 0.
1228. 0.
1232. 4.212000e-14
1236. 4.220000e-14
1240. 5.280000e-14
1244. 5.597000e-14
1248. 5.100000e-14
1252. 4.980000e-14
1256. 4.214000e-14
1260. 4.695000e-14
1264. 5.569000e-14
1268. 5.601000e-14
1272. 5.862000e-14
1276. 5.821000e-14
1280. 6.060000e-14
1284. 5.722000e-14
1288. 5.258000e-14
1292. 4.896000e-14
1296. 4.606000e-14
1300. 3.800000e-14
1304. 4.513000e-14
1308. 5.530000e-14
1312. 5.683000e-14
1316. 5.459000e-14
1320. 4.934000e-14
1324. 5.154000e-14
1328. 4.802000e-14
1332. 3.744000e-14
1336. 4.161000e-14
1340. 5.243000e-14
1344. 5.236000e-14
1348. 5.334000e-14
1352. 5.373000e-14
1356. 5.185000e-14
1360. 4.963000e-14
1364. 5.023000e-14
1368. 4.955000e-14
1372. 5.150000e-14
1376. 4.903000e-14
1380. 4.523000e-14
1384. 4.090000e-14
1388. 3.477000e-14
1392. 2.980000e-14
1396. 3.921000e-14
1400. 3.882000e-14
1404. 4.966000e-14
1408. 4.768000e-14
1412. 4.691000e-14
1416. 4.594000e-14
1420. 4.714000e-14
1424. 4.543000e-14
1428. 4.713000e-14
1432. 4.591000e-14
1436. 4.651000e-14
1440. 5.065000e-14
1444. 4.953000e-14
1448. 4.950000e-14
1452. 5.021000e-14
1456. 5.175000e-14
1460. 5.051000e-14
1464. 5.309000e-14
1468. 5.284000e-14
1472. 5.342000e-14
1476. 5.283000e-14
1480. 5.487000e-14
1484. 5.262000e-14
1488. 5.535000e-14
1492. 5.270000e-14
1496. 4.751000e-14
1500. 4.788000e-14
1504. 4.745000e-14
1508. 4.941000e-14
1512. 4.665000e-14
1516. 4.829000e-14
1520. 4.438000e-14
1524. 3.701000e-14
1528. 3.601000e-14
1532. 3.683000e-14
1536. 3.415000e-14
1540. 3.044000e-14
1544. 2.313000e-14
1548. 2.678000e-14
1552. 4.115000e-14
1556. 5.107000e-14
1560. 4.546000e-14
1564. 4.290000e-14
1568. 4.393000e-14
1572. 4.424000e-14
1576. 4.481000e-14
1580. 4.182000e-14
1584. 4.139000e-14
1588. 4.334000e-14
1592. 4.196000e-14
1596. 4.052000e-14
1600. 3.969000e-14
1604. 3.634000e-14
1608. 3.805000e-14
1612. 3.762000e-14
1616. 4.032000e-14
1620. 4.158000e-14
1624. 4.145000e-14
1628. 3.935000e-14
1632. 4.321000e-14
1636. 4.522000e-14
1640. 4.598000e-14
1644. 4.713000e-14
1648. 4.592000e-14
1652. 4.276000e-14
1656. 3.888000e-14
1660. 4.136000e-14
1664. 4.341000e-14
1668. 3.478000e-14
1672. 3.634000e-14
1676. 4.231000e-14
1680. 4.535000e-14
1684. 4.387000e-14
1688. 4.398000e-14
1692. 4.166000e-14
1696. 4.076000e-14
1700. 3.993000e-14
1704. 4.245000e-14
1708. 3.890000e-14
1712. 3.800000e-14
1716. 3.987000e-14
1720. 4.163000e-14
1724. 4.261000e-14
1728. 4.547000e-14
1732. 4.552000e-14
1736. 4.320000e-14
1740. 4.249000e-14
1744. 4.625000e-14
1748. 4.287000e-14
1752. 4.404000e-14
1756. 4.457000e-14
1760. 4.373000e-14
1764. 4.200000e-14
1768. 4.024000e-14
1772. 3.900000e-14
1776. 3.949000e-14
1780. 4.138000e-14
1784. 4.049000e-14
1788. 3.976000e-14
1792. 3.892000e-14
1796. 4.207000e-14
1800. 4.147000e-14
1804. 3.929000e-14
1808. 3.828000e-14
1812. 3.986000e-14
1816. 4.081000e-14
1820. 3.971000e-14
1824. 3.936000e-14
1828. 3.912000e-14
1832. 3.854000e-14
1836. 3.776000e-14
1840. 3.582000e-14
1844. 3.346000e-14
1848. 3.321000e-14
1852. 3.062000e-14
1856. 3.189000e-14
1860. 3.254000e-14
1864. 3.437000e-14
1868. 3.861000e-14
1872. 3.670000e-14
1876. 3.590000e-14
1880. 3.701000e-14
1884. 3.562000e-14
1888. 3.306000e-14
1892. 3.309000e-14
1896. 3.412000e-14
1900. 3.606000e-14
1904. 3.615000e-14
1908. 3.645000e-14
1912. 3.520000e-14
1916. 3.172000e-14
1920. 3.085000e-14
1924. 3.004000e-14
1928. 3.100000e-14
1932. 3.304000e-14
1936. 3.214000e-14
1940. 3.213000e-14
1944. 3.233000e-14
1948. 3.300000e-14
1952. 3.054000e-14
1956. 2.795000e-14
1960. 2.614000e-14
1964. 2.566000e-14
1968. 2.534000e-14
1972. 2.865000e-14
1976. 3.522000e-14
1980. 2.834000e-14
1984. 3.500000e-14
1988. 3.401000e-14
1992. 3.466000e-14
1996. 2.653000e-14
2000. 2.583000e-14
2004. 3.101000e-14
2008. 3.236000e-14
2012. 2.815000e-14
2016. 2.158000e-14
2020. 3.157000e-14
2024. 2.941000e-14
2028. 3.162000e-14
2032. 3.100000e-14
2036. 2.883000e-14
2040. 2.940000e-14
2044. 2.880000e-14
2048. 2.987000e-14
2052. 2.677000e-14
2056. 2.787000e-14
2060. 2.519000e-14
2064. 2.696000e-14
2068. 2.538000e-14
2072. 2.995000e-14
2076. 2.879000e-14
2080. 2.773000e-14
2084. 2.701000e-14
2088. 2.251000e-14
2092. 2.777000e-14
2096. 2.881000e-14
2100. 2.538000e-14
2104. 2.104000e-14
2108. 2.579000e-14
2112. 2.920000e-14
2116. 2.815000e-14
2120. 2.275000e-14
2124. 2.736000e-14
2128. 2.872000e-14
2132. 2.340000e-14
2136. 2.546000e-14
2140. 2.509000e-14
2144. 2.356000e-14
2148. 1.880000e-14
2152. 2.312000e-14
2156. 2.562000e-14
2160. 2.320000e-14
2164. 2.456000e-14
2168. 2.833000e-14
2172. 2.462000e-14
2176. 2.880000e-14
2180. 2.534000e-14
2184. 2.678000e-14
2188. 2.917000e-14
2192. 2.380000e-14
2196. 2.610000e-14
2200. 2.247000e-14
2204. 2.232000e-14
2208. 2.298000e-14
2212. 2.306000e-14
2216. 2.480000e-14
2220. 2.702000e-14
2224. 2.487000e-14
2228. 2.254000e-14
2232. 2.623000e-14
2236. 2.575000e-14
2240. 2.806000e-14
2244. 2.543000e-14
2248. 2.528000e-14
2252. 2.495000e-14
2256. 3.010000e-14
2260. 3.107000e-14
2264. 2.557000e-14
2268. 2.466000e-14
2272. 2.554000e-14
2276. 3.042000e-14
2280. 2.747000e-14
2284. 2.646000e-14
2288. 2.456000e-14
2292. 2.255000e-14
2296. 2.606000e-14
2300. 2.630000e-14
2304. 2.800000e-14
2308. 2.007000e-14
2312. 2.542000e-14
2316. 2.923000e-14
2320. 2.612000e-14
2324. 2.429000e-14
2328. 2.423000e-14
2332. 2.694000e-14
2336. 2.480000e-14
2340. 2.426000e-14
2344. 1.902000e-14
2348. 2.095000e-14
2352. 1.849000e-14
2356. 2.162000e-14
2360. 2.291000e-14
2364. 2.061000e-14
2368. 2.334000e-14
2372. 2.116000e-14
2376. 2.014000e-14
2380. 2.022000e-14
2384. 1.949000e-14
2388. 1.835000e-14
2392. 2.295000e-14
2396. 2.500000e-14
2400. 2.448000e-14
2404. 2.161000e-14
2408. 2.376000e-14
2412. 2.359000e-14
2416. 2.517000e-14
2420. 2.472000e-14
2424. 2.490000e-14
2428. 2.618000e-14
2432. 2.625000e-14
2436. 2.508000e-14
2440. 2.589000e-14
2444. 2.541000e-14
2448. 2.464000e-14
2452. 2.403000e-14
2456. 2.374000e-14
2460. 2.421000e-14
2464. 2.558000e-14
2468. 2.353000e-14
2472. 2.128000e-14
2476. 2.418000e-14
2480. 2.564000e-14
2484. 2.363000e-14
2488. 2.259000e-14
2492. 2.285000e-14
2496. 2.339000e-14
2500. 2.389000e-14
2504. 2.190000e-14
2508. 2.510000e-14
2512. 2.193000e-14
2516. 2.138000e-14
2520. 2.151000e-14
2524. 2.070000e-14
2528. 2.232000e-14
2532. 2.229000e-14
2536. 2.071000e-14
2540. 2.266000e-14
2544. 2.198000e-14
2548. 2.230000e-14
2552. 2.211000e-14
2556. 2.066000e-14
2560. 2.185000e-14
2564. 2.029000e-14
2568. 2.068000e-14
2572. 2.163000e-14
2576. 2.060000e-14
2580. 2.053000e-14
2584. 1.917000e-14
2588. 1.884000e-14
2592. 1.873000e-14
2596. 1.788000e-14
2600. 1.804000e-14
2604. 1.806000e-14
2608. 2.001000e-14
2612. 2.266000e-14
2616. 2.240000e-14
2620. 2.272000e-14
2624. 2.220000e-14
2628. 2.207000e-14
2632. 2.314000e-14
2636. 2.275000e-14
2640. 2.344000e-14
2644. 2.367000e-14
2648. 2.261000e-14
2652. 2.422000e-14
2656. 2.381000e-14
2660. 2.405000e-14
2664. 2.169000e-14
2668. 2.064000e-14
2672. 2.289000e-14
2676. 2.260000e-14
2680. 2.221000e-14
2684. 2.383000e-14
2688. 2.215000e-14
2692. 2.187000e-14
2696. 2.127000e-14
2700. 2.063000e-14
2704. 2.302000e-14
2708. 2.290000e-14
2712. 2.103000e-14
2716. 2.055000e-14
2720. 2.108000e-14
2724. 2.135000e-14
2728. 2.098000e-14
2732. 1.933000e-14
2736. 2.024000e-14
2740. 1.928000e-14
2744. 2.032000e-14
2748. 1.971000e-14
2752. 1.943000e-14
2756. 2.003000e-14
2760. 2.044000e-14
2764. 2.066000e-14
2768. 1.889000e-14
2772. 1.864000e-14
2776. 2.014000e-14
2780. 2.000000e-14
2784. 1.844000e-14
2788. 1.876000e-14
2792. 1.841000e-14
2796. 1.365000e-14
2800. 1.254000e-14
2804. 1.379000e-14
2808. 1.717000e-14
2812. 2.085000e-14
2816. 2.048000e-14
2820. 2.077000e-14
2824. 2.062000e-14
2828. 2.185000e-14
2832. 2.078000e-14
2836. 2.086000e-14
2840. 2.044000e-14
2844. 1.956000e-14
2848. 2.039000e-14
2852. 2.032000e-14
2856. 1.991000e-14
2860. 1.906000e-14
2864. 1.805000e-14
2868. 1.996000e-14
2872. 2.024000e-14
2876. 1.900000e-14
2880. 1.851000e-14
2884. 1.950000e-14
2888. 2.098000e-14
2892. 2.092000e-14
2896. 1.946000e-14
2900. 1.910000e-14
2904. 1.989000e-14
2908. 2.047000e-14
2912. 1.934000e-14
2916. 2.076000e-14
2920. 2.097000e-14
2924. 2.021000e-14
2928. 1.974000e-14
2932. 2.107000e-14
2936. 2.143000e-14
2940. 2.073000e-14
2944. 2.106000e-14
2948. 2.158000e-14
2952. 2.118000e-14
2956. 2.156000e-14
2960. 2.133000e-14
2964. 1.851000e-14
2968. 1.947000e-14
2972. 1.968000e-14
2976. 1.963000e-14
2980. 2.082000e-14
2984. 1.928000e-14
2988. 1.966000e-14
2992. 1.987000e-14
2996. 2.151000e-14
3000. 1.849000e-14
3004. 2.168000e-14
3008. 1.931000e-14
3012. 1.844000e-14
3016. 2.090000e-14
3020. 2.077000e-14
3024. 2.042000e-14
3028. 2.035000e-14
3032. 2.085000e-14
3036. 2.031000e-14
3040. 2.093000e-14
3044. 1.768000e-14
3048. 2.118000e-14
3052. 2.148000e-14
3056. 1.971000e-14
3060. 1.799000e-14
3064. 2.282000e-14
3068. 2.062000e-14
3072. 1.953000e-14
3076. 2.035000e-14
3080. 2.039000e-14
3084. 2.210000e-14
3088. 2.188000e-14
3092. 1.930000e-14
3096. 2.184000e-14
3100. 2.389000e-14
3104. 2.122000e-14
3108. 2.168000e-14
3112. 2.146000e-14
3116. 2.042000e-14
3120. 1.994000e-14
3124. 2.096000e-14
3128. 1.822000e-14
3132. 2.089000e-14
3136. 1.843000e-14
3140. 1.917000e-14
3144. 2.077000e-14
3148. 1.898000e-14
3152. 1.782000e-14
3156. 1.984000e-14
3160. 1.759000e-14
3164. 2.620000e-14
3168. 2.283000e-14
3172. 1.358000e-14
3176. 1.726000e-14
3180. 1.320000e-14
3184. 2.079000e-14
3188. 2.175000e-14
3192. 2.266000e-14
3196. 2.596000e-14
3200. 2.338000e-14
3204. 2.147000e-14
3208. 1.299000e-14
3212. 1.580000e-14
3216. 2.013000e-14
3220. 1.712000e-14
3224. 1.067000e-14
3228. 1.945000e-14
3232. 1.673000e-14
3236. 1.963000e-14
3240. 1.620000e-14
3244. 2.252000e-14
3248. 2.341000e-14
3252. 2.476000e-14
3256. 2.338000e-14
3260. 1.808000e-14
3264. 1.871000e-14
3268. 2.574000e-14
3272. 2.496000e-14
3276. 2.032000e-14
3280. 1.861000e-14
3284. 1.621000e-14
3288. 1.363000e-14
3292. 1.811000e-14
3296. 1.445000e-14
3300. 1.634000e-14
3304. 1.911000e-14
3308. 2.361000e-14
3312. 2.547000e-14
3316. 2.419000e-14
3320. 2.785000e-14
3324. 2.546000e-14
3328. 2.276000e-14
3332. 2.068000e-14
3336. 2.078000e-14
3340. 2.261000e-14
3344. 2.377000e-14
3348. 2.337000e-14
3352. 2.265000e-14
3356. 2.106000e-14
3360. 2.139000e-14
3364. 2.174000e-14
3368. 2.080000e-14
3372. 1.893000e-14
3376. 1.729000e-14
3380. 1.791000e-14
3384. 2.415000e-14
3388. 2.646000e-14
3392. 2.474000e-14
3396. 2.171000e-14
3400. 2.133000e-14
3404. 2.093000e-14
3408. 2.114000e-14
3412. 2.201000e-14
3416. 2.076000e-14
3420. 2.258000e-14
3424. 2.150000e-14
3428. 2.003000e-14
3432. 2.060000e-14
3436. 2.140000e-14
3440. 2.056000e-14
3444. 2.068000e-14
3448. 2.213000e-14
3452. 2.200000e-14
3456. 2.233000e-14
3460. 2.313000e-14
3464. 2.440000e-14
3468. 2.275000e-14
3472. 2.116000e-14
3476. 2.217000e-14
3480. 2.345000e-14
3484. 2.198000e-14
3488. 1.809000e-14
3492. 1.716000e-14
3496. 1.912000e-14
3500. 1.905000e-14
3504. 2.099000e-14
3508. 2.261000e-14
3512. 2.025000e-14
3516. 1.830000e-14
3520. 2.050000e-14
3524. 2.102000e-14
3528. 1.913000e-14
3532. 1.918000e-14
3536. 2.094000e-14
3540. 2.204000e-14
3544. 2.086000e-14
3548. 1.957000e-14
3552. 2.027000e-14
3556. 1.940000e-14
3560. 1.908000e-14
3564. 2.029000e-14
3568. 2.110000e-14
3572. 2.033000e-14
3576. 1.845000e-14
3580. 1.795000e-14
3584. 1.755000e-14
3588. 1.669000e-14
3592. 1.645000e-14
3596. 1.833000e-14
3600. 1.808000e-14
3604. 1.822000e-14
3608. 1.803000e-14
3612. 1.900000e-14
3616. 2.194000e-14
3620. 2.108000e-14
3624. 1.838000e-14
3628. 1.876000e-14
3632. 1.890000e-14
3636. 1.739000e-14
3640. 1.844000e-14
3644. 1.876000e-14
3648. 2.101000e-14
3652. 2.195000e-14
3656. 2.135000e-14
3660. 2.040000e-14
3664. 2.019000e-14
3668. 1.786000e-14
3672. 1.697000e-14
3676. 1.773000e-14
3680. 1.759000e-14
3684. 1.736000e-14
3688. 1.655000e-14
3692. 1.722000e-14
3696. 1.854000e-14
3700. 1.864000e-14
3704. 1.868000e-14
3708. 1.975000e-14
3712. 1.990000e-14
3716. 2.276000e-14
3720. 3.195000e-14
3724. 5.541000e-14
3728. 6.982000e-14
3732. 5.394000e-14
3736. 3.005000e-14
3740. 2.183000e-14
3744. 2.032000e-14
3748. 1.934000e-14
3752. 2.014000e-14
3756. 2.202000e-14
3760. 2.097000e-14
3764. 2.002000e-14
3768. 1.901000e-14
3772. 1.957000e-14
3776. 2.096000e-14
3780. 2.232000e-14
3784. 2.487000e-14
3788. 2.418000e-14
3792. 2.057000e-14
3796. 1.797000e-14
3800. 1.891000e-14
3804. 2.089000e-14
3808. 2.199000e-14
3812. 2.243000e-14
3816. 2.330000e-14
3820. 2.292000e-14
3824. 2.253000e-14
3828. 2.187000e-14
3832. 2.035000e-14
3836. 1.911000e-14
3840. 1.897000e-14
3844. 2.096000e-14
3848. 2.223000e-14
3852. 2.236000e-14
3856. 2.273000e-14
3860. 2.442000e-14
3864. 2.564000e-14
3868. 2.725000e-14
3872. 2.573000e-14
3876. 2.330000e-14
3880. 2.252000e-14
3884. 2.121000e-14
3888. 2.126000e-14
3892. 2.129000e-14
3896. 2.087000e-14
3900. 2.168000e-14
3904. 2.222000e-14
3908. 2.349000e-14
3912. 2.391000e-14
3916. 2.466000e-14
3920. 2.356000e-14
3924. 2.347000e-14
3928. 2.173000e-14
3932. 2.012000e-14
3936. 1.987000e-14
3940. 2.197000e-14
3944. 2.336000e-14
3948. 2.303000e-14
3952. 2.278000e-14
3956. 2.230000e-14
3960. 2.146000e-14
3964. 2.030000e-14
3968. 2.030000e-14
3972. 2.036000e-14
3976. 2.060000e-14
3980. 2.202000e-14
3984. 2.321000e-14
3988. 2.376000e-14
3992. 2.407000e-14
3996. 2.489000e-14
4000. 2.550000e-14
4004. 2.507000e-14
4008. 2.476000e-14
4012. 2.485000e-14
4016. 2.450000e-14
4020. 2.436000e-14
4024. 2.457000e-14
4028. 2.424000e-14
4032. 2.459000e-14
4036. 2.618000e-14
4040. 2.656000e-14
4044. 2.545000e-14
4048. 2.491000e-14
4052. 2.529000e-14
4056. 2.615000e-14
4060. 2.593000e-14
4064. 2.644000e-14
4068. 2.658000e-14
4072. 2.498000e-14
4076. 2.405000e-14
4080. 2.423000e-14
4084. 2.467000e-14
4088. 2.409000e-14
4092. 2.391000e-14
4096. 2.304000e-14
4100. 2.425000e-14
4104. 2.509000e-14
4108. 2.393000e-14
4112. 2.331000e-14
4116. 2.403000e-14
4120. 2.460000e-14
4124. 2.425000e-14
4128. 2.398000e-14
4132. 2.457000e-14
4136. 2.530000e-14
4140. 2.528000e-14
4144. 2.583000e-14
4148. 2.545000e-14
4152. 2.501000e-14
4156. 2.495000e-14
4160. 2.531000e-14
4164. 2.606000e-14
4168. 2.580000e-14
4172. 2.403000e-14
4176. 2.387000e-14
4180. 2.415000e-14
4184. 2.397000e-14
4188. 2.382000e-14
4192. 2.458000e-14
4196. 2.487000e-14
4200. 2.462000e-14
4204. 2.404000e-14
4208. 2.518000e-14
4212. 2.584000e-14
4216. 2.615000e-14
4220. 2.579000e-14
4224. 2.430000e-14
4228. 2.413000e-14
4232. 2.393000e-14
4236. 2.446000e-14
4240. 2.464000e-14
4244. 2.402000e-14
4248. 2.414000e-14
4252. 2.377000e-14
4256. 2.377000e-14
4260. 2.339000e-14
4264. 2.362000e-14
4268. 2.398000e-14
4272. 2.401000e-14
4276. 2.415000e-14
4280. 2.464000e-14
4284. 2.499000e-14
4288. 2.417000e-14
4292. 2.340000e-14
4296. 2.272000e-14
4300. 2.184000e-14
4304. 2.152000e-14
4308. 2.200000e-14
4312. 2.299000e-14
4316. 2.348000e-14
4320. 2.303000e-14
4324. 2.257000e-14
4328. 2.281000e-14
4332. 2.334000e-14
4336. 2.580000e-14
4340. 2.983000e-14
4344. 2.882000e-14
4348. 2.448000e-14
4352. 2.303000e-14
4356. 2.353000e-14
4360. 2.445000e-14
4364. 2.428000e-14
4368. 2.370000e-14
4372. 2.333000e-14
4376. 2.364000e-14
4380. 2.289000e-14
4384. 2.224000e-14
4388. 2.274000e-14
4392. 2.236000e-14
4396. 2.328000e-14
4400. 2.376000e-14
4404. 2.380000e-14
4408. 2.395000e-14
4412. 2.401000e-14
4416. 2.391000e-14
4420. 2.405000e-14
4424. 2.408000e-14
4428. 2.382000e-14
4432. 2.292000e-14
4436. 2.354000e-14
4440. 2.413000e-14
4444. 2.368000e-14
4448. 2.325000e-14
4452. 2.331000e-14
4456. 2.334000e-14
4460. 2.316000e-14
4464. 2.353000e-14
4468. 2.388000e-14
4472. 2.446000e-14
4476. 2.423000e-14
4480. 2.360000e-14
4484. 2.368000e-14
4488. 2.399000e-14
4492. 2.359000e-14
4496. 2.371000e-14
4500. 2.438000e-14
4504. 2.415000e-14
4508. 2.447000e-14
4512. 2.469000e-14
4516. 2.493000e-14
4520. 2.462000e-14
4524. 2.428000e-14
4528. 2.415000e-14
4532. 2.334000e-14
4536. 2.386000e-14
4540. 2.432000e-14
4544. 2.342000e-14
4548. 2.313000e-14
4552. 2.313000e-14
4556. 2.325000e-14
4560. 2.317000e-14
4564. 2.369000e-14
4568. 2.402000e-14
4572. 2.360000e-14
4576. 2.323000e-14
4580. 2.327000e-14
4584. 2.296000e-14
4588. 2.225000e-14
4592. 2.289000e-14
4596. 2.290000e-14
4600. 2.334000e-14
4604. 2.303000e-14
4608. 2.300000e-14
4612. 2.367000e-14
4616. 2.379000e-14
4620. 2.433000e-14
4624. 2.503000e-14
4628. 2.416000e-14
4632. 2.387000e-14
4636. 2.384000e-14
4640. 2.386000e-14
4644. 2.386000e-14
4648. 2.309000e-14
4652. 2.318000e-14
4656. 2.374000e-14
4660. 2.320000e-14
4664. 2.224000e-14
4668. 2.260000e-14
4672. 2.275000e-14
4676. 2.258000e-14
4680. 2.251000e-14
4684. 2.336000e-14
4688. 2.354000e-14
4692. 2.362000e-14
4696. 2.371000e-14
4700. 2.323000e-14
4704. 2.239000e-14
4708. 2.171000e-14
4712. 2.219000e-14
4716. 2.346000e-14
4720. 2.335000e-14
4724. 2.258000e-14
4728. 2.204000e-14
4732. 2.219000e-14
4736. 2.236000e-14
4740. 2.276000e-14
4744. 2.252000e-14
4748. 2.274000e-14
4752. 2.252000e-14
4756. 2.293000e-14
4760. 2.342000e-14
4764. 2.270000e-14
4768. 2.191000e-14
4772. 2.204000e-14
4776. 2.236000e-14
4780. 2.224000e-14
4784. 2.193000e-14
4788. 2.259000e-14
4792. 2.269000e-14
4796. 2.319000e-14
4800. 2.273000e-14
4804. 2.261000e-14
4808. 2.262000e-14
4812. 2.272000e-14
4816. 2.277000e-14
4820. 2.203000e-14
4824. 2.157000e-14
4828. 2.173000e-14
4832. 2.240000e-14
4836. 2.221000e-14
4840. 2.180000e-14
4844. 2.129000e-14
4848. 2.142000e-14
4852. 2.285000e-14
4856. 2.921000e-14
4860. 4.205000e-14
4864. 4.312000e-14
4868. 2.986000e-14
4872. 2.213000e-14
4876. 2.065000e-14
4880. 2.126000e-14
4884. 2.123000e-14
4888. 2.175000e-14
4892. 2.150000e-14
4896. 2.169000e-14
4900. 2.151000e-14
4904. 2.146000e-14
4908. 2.115000e-14
4912. 2.107000e-14
4916. 2.147000e-14
4920. 2.166000e-14
4924. 2.122000e-14
4928. 2.125000e-14
4932. 2.137000e-14
4936. 2.135000e-14
4940. 2.121000e-14
4944. 2.182000e-14
4948. 2.196000e-14
4952. 2.422000e-14
4956. 3.050000e-14
4960. 3.379000e-14
4964. 2.864000e-14
4968. 2.370000e-14
4972. 2.234000e-14
4976. 2.160000e-14
4980. 2.145000e-14
4984. 2.160000e-14
4988. 2.211000e-14
4992. 2.228000e-14
4996. 2.295000e-14
5000. 2.849000e-14
5004. 4.588000e-14
5008. 5.893000e-14
5012. 4.457000e-14
5016. 2.744000e-14
5020. 2.189000e-14
5024. 2.151000e-14
5028. 2.108000e-14
5032. 2.138000e-14
5036. 2.100000e-14
5040. 2.061000e-14
5044. 2.049000e-14
5048. 2.129000e-14
5052. 2.094000e-14
5056. 2.095000e-14
5060. 2.124000e-14
5064. 2.163000e-14
5068. 2.094000e-14
5072. 2.087000e-14
5076. 2.072000e-14
5080. 2.047000e-14
5084. 2.062000e-14
5088. 2.101000e-14
5092. 2.099000e-14
5096. 2.126000e-14
5100. 2.116000e-14
5104. 2.036000e-14
5108. 2.048000e-14
5112. 2.091000e-14
5116. 2.086000e-14
5120. 2.091000e-14
5124. 2.058000e-14
5128. 1.977000e-14
5132. 1.966000e-14
5136. 2.042000e-14
5140. 2.059000e-14
5144. 2.017000e-14
5148. 2.044000e-14
5152. 2.046000e-14
5156. 2.052000e-14
5160. 2.029000e-14
5164. 1.988000e-14
5168. 1.930000e-14
5172. 1.943000e-14
5176. 1.890000e-14
5180. 1.847000e-14
5184. 1.882000e-14
5188. 1.943000e-14
5192. 2.021000e-14
5196. 2.039000e-14
5200. 2.087000e-14
5204. 2.017000e-14
5208. 1.926000e-14
5212. 1.943000e-14
5216. 1.987000e-14
5220. 1.988000e-14
5224. 1.918000e-14
5228. 1.918000e-14
5232. 1.974000e-14
5236. 2.026000e-14
5240. 2.018000e-14
5244. 2.054000e-14
5248. 2.021000e-14
5252. 1.974000e-14
5256. 1.983000e-14
5260. 1.942000e-14
5264. 1.890000e-14
5268. 1.909000e-14
5272. 1.972000e-14
5276. 1.994000e-14
5280. 1.974000e-14
5284. 2.045000e-14
5288. 2.044000e-14
5292. 2.022000e-14
5296. 1.953000e-14
5300. 1.937000e-14
5304. 1.965000e-14
5308. 2.022000e-14
5312. 2.016000e-14
5316. 2.093000e-14
5320. 2.175000e-14
5324. 2.121000e-14
5328. 2.113000e-14
5332. 2.016000e-14
5336. 2.036000e-14
5340. 2.086000e-14
5344. 2.046000e-14
5348. 2.046000e-14
5352. 2.095000e-14
5356. 2.114000e-14
5360. 2.096000e-14
5364. 2.047000e-14
5368. 2.032000e-14
5372. 2.052000e-14
5376. 2.070000e-14
5380. 2.100000e-14
5384. 2.081000e-14
5388. 1.639000e-14
5392. 1.552000e-14
5396. 1.937000e-14
5400. 1.953000e-14
5404. 1.597000e-14
5408. 1.554000e-14
5412. 1.955000e-14
5416. 2.015000e-14
5420. 2.047000e-14
5424. 2.015000e-14
5428. 2.051000e-14
5432. 2.078000e-14
5436. 2.070000e-14
5440. 2.144000e-14
5444. 2.079000e-14
5448. 2.025000e-14
5452. 1.220000e-14
5456. 1.177000e-14
5460. 1.961000e-14
5464. 1.179000e-14
5468. 1.126000e-14
5472. 1.961000e-14
5476. 2.001000e-14
5480. 1.983000e-14
5484. 1.928000e-14
5488. 1.893000e-14
5492. 1.446000e-14
5496. 1.498000e-14
5500. 1.968000e-14
5504. 1.960000e-14
5508. 1.588000e-14
5512. 1.652000e-14
5516. 2.157000e-14
5520. 2.157000e-14
5524. 2.094000e-14
5528. 2.071000e-14
5532. 2.024000e-14
5536. 2.028000e-14
5540. 2.017000e-14
5544. 1.994000e-14
5548. 1.986000e-14
5552. 2.004000e-14
5556. 2.008000e-14
5560. 2.038000e-14
5564. 1.986000e-14
5568. 1.788000e-14
5572. 1.807000e-14
5576. 2.036000e-14
5580. 2.071000e-14
5584. 1.958000e-14
5588. 1.921000e-14
5592. 1.922000e-14
5596. 1.767000e-14
5600. 1.915000e-14
5604. 1.978000e-14
5608. 1.934000e-14
5612. 1.911000e-14
5616. 1.859000e-14
5620. 1.870000e-14
5624. 1.849000e-14
5628. 1.898000e-14
5632. 1.954000e-14
5636. 1.888000e-14
5640. 1.920000e-14
5644. 1.900000e-14
5648. 1.863000e-14
5652. 1.901000e-14
5656. 1.887000e-14
5660. 1.863000e-14
5664. 1.846000e-14
5668. 1.844000e-14
5672. 1.900000e-14
5676. 1.939000e-14
5680. 1.939000e-14
5684. 1.941000e-14
5688. 1.839000e-14
5692. 1.867000e-14
5696. 1.934000e-14
5700. 1.874000e-14
5704. 1.847000e-14
5708. 1.871000e-14
5712. 1.815000e-14
5716. 1.876000e-14
5720. 1.931000e-14
5724. 1.850000e-14
5728. 1.905000e-14
5732. 1.862000e-14
5736. 1.860000e-14
5740. 1.885000e-14
5744. 1.909000e-14
5748. 1.920000e-14
5752. 1.995000e-14
5756. 1.916000e-14
5760. 1.843000e-14
5764. 1.836000e-14
5768. 1.886000e-14
5772. 1.952000e-14
5776. 1.993000e-14
5780. 1.954000e-14
5784. 1.848000e-14
5788. 1.843000e-14
5792. 1.892000e-14
5796. 1.939000e-14
5800. 1.899000e-14
5804. 1.876000e-14
5808. 1.884000e-14
5812. 1.907000e-14
5816. 1.926000e-14
5820. 1.941000e-14
5824. 1.964000e-14
5828. 1.899000e-14
5832. 1.851000e-14
5836. 1.857000e-14
5840. 1.936000e-14
5844. 1.912000e-14
5848. 1.762000e-14
5852. 1.791000e-14
5856. 1.871000e-14
5860. 1.872000e-14
5864. 1.835000e-14
5868. 1.853000e-14
5872. 2.046000e-14
5876. 2.265000e-14
5880. 2.205000e-14
5884. 1.947000e-14
5888. 1.817000e-14
5892. 1.715000e-14
5896. 1.669000e-14
5900. 1.830000e-14
5904. 1.866000e-14
5908. 1.822000e-14
5912. 1.869000e-14
5916. 1.851000e-14
5920. 1.921000e-14
5924. 1.922000e-14
5928. 1.854000e-14
5932. 1.864000e-14
5936. 1.933000e-14
5940. 1.942000e-14
5944. 1.884000e-14
5948. 1.876000e-14
5952. 1.872000e-14
5956. 1.893000e-14
5960. 1.932000e-14
5964. 1.979000e-14
5968. 1.974000e-14
5972. 1.880000e-14
5976. 1.836000e-14
5980. 1.870000e-14
5984. 1.877000e-14
5988. 1.851000e-14
5992. 1.882000e-14
5996. 1.843000e-14
6000. 1.821000e-14
6004. 1.806000e-14
6008. 1.899000e-14
6012. 1.926000e-14
6016. 1.800000e-14
6020. 1.788000e-14
6024. 1.902000e-14
6028. 1.893000e-14
6032. 1.831000e-14
6036. 1.796000e-14
6040. 1.847000e-14
6044. 1.840000e-14
6048. 1.793000e-14
6052. 1.861000e-14
6056. 1.833000e-14
6060. 1.785000e-14
6064. 1.865000e-14
6068. 1.854000e-14
6072. 1.860000e-14
6076. 1.918000e-14
6080. 1.843000e-14
6084. 1.926000e-14
6088. 1.891000e-14
6092. 1.847000e-14
6096. 1.868000e-14
6100. 1.870000e-14
6104. 1.824000e-14
6108. 1.793000e-14
6112. 1.834000e-14
6116. 1.811000e-14
6120. 1.802000e-14
6124. 1.820000e-14
6128. 1.920000e-14
6132. 1.980000e-14
6136. 1.812000e-14
6140. 1.731000e-14
6144. 1.714000e-14
6148. 1.739000e-14
6152. 1.789000e-14
6156. 1.718000e-14
6160. 1.707000e-14
6164. 1.742000e-14
6168. 1.805000e-14
6172. 1.753000e-14
6176. 1.774000e-14
6180. 1.815000e-14
6184. 1.774000e-14
6188. 1.728000e-14
6192. 1.791000e-14
6196. 1.829000e-14
6200. 1.836000e-14
6204. 1.835000e-14
6208. 1.797000e-14
6212. 1.811000e-14
6216. 1.792000e-14
6220. 1.726000e-14
6224. 1.648000e-14
6228. 1.577000e-14
6232. 1.617000e-14
6236. 1.664000e-14
6240. 1.575000e-14
6244. 1.615000e-14
6248. 1.702000e-14
6252. 1.713000e-14
6256. 1.611000e-14
6260. 1.575000e-14
6264. 1.689000e-14
6268. 1.721000e-14
6272. 1.705000e-14
6276. 1.730000e-14
6280. 1.697000e-14
6284. 1.721000e-14
6288. 1.760000e-14
6292. 1.815000e-14
6296. 1.778000e-14
6300. 1.950000e-14
6304. 1.886000e-14
6308. 1.793000e-14
6312. 1.830000e-14
6316. 1.736000e-14
6320. 1.685000e-14
6324. 1.747000e-14
6328. 1.721000e-14
6332. 1.756000e-14
6336. 1.786000e-14
6340. 1.807000e-14
6344. 1.739000e-14
6348. 1.711000e-14
6352. 1.684000e-14
6356. 1.741000e-14
6360. 1.824000e-14
6364. 1.819000e-14
6368. 1.788000e-14
6372. 1.803000e-14
6376. 1.828000e-14
6380. 1.763000e-14
6384. 1.771000e-14
6388. 1.733000e-14
6392. 1.712000e-14
6396. 1.697000e-14
6400. 1.701000e-14
6404. 1.688000e-14
6408. 1.682000e-14
6412. 1.717000e-14
6416. 1.730000e-14
6420. 1.656000e-14
6424. 1.662000e-14
6428. 1.718000e-14
6432. 1.721000e-14
6436. 1.720000e-14
6440. 1.697000e-14
6444. 1.728000e-14
6448. 1.744000e-14
6452. 1.694000e-14
6456. 1.743000e-14
6460. 1.749000e-14
6464. 1.712000e-14
6468. 1.711000e-14
6472. 1.703000e-14
6476. 1.722000e-14
6480. 1.745000e-14
6484. 1.728000e-14
6488. 1.725000e-14
6492. 1.692000e-14
6496. 1.678000e-14
6500. 1.637000e-14
6504. 1.614000e-14
6508. 1.659000e-14
6512. 1.745000e-14
6516. 1.735000e-14
6520. 1.738000e-14
6524. 1.767000e-14
6528. 1.808000e-14
6532. 1.812000e-14
6536. 1.836000e-14
6540. 1.951000e-14
6544. 2.358000e-14
6548. 2.994000e-14
6552. 3.303000e-14
6556. 4.415000e-14
6560. 9.148000e-14
6564. 1.381000e-13
6568. 1.044000e-13
6572. 4.767000e-14
6576. 3.173000e-14
6580. 4.066000e-14
6584. 5.547000e-14
6588. 4.842000e-14
6592. 2.881000e-14
6596. 2.132000e-14
6600. 1.942000e-14
6604. 1.781000e-14
6608. 1.741000e-14
6612. 1.750000e-14
6616. 1.737000e-14
6620. 1.778000e-14
6624. 1.835000e-14
6628. 1.778000e-14
6632. 1.656000e-14
6636. 1.655000e-14
6640. 1.750000e-14
6644. 1.798000e-14
6648. 1.750000e-14
6652. 1.684000e-14
6656. 1.626000e-14
6660. 1.672000e-14
6664. 1.735000e-14
6668. 1.751000e-14
6672. 1.746000e-14
6676. 1.773000e-14
6680. 1.862000e-14
6684. 1.770000e-14
6688. 1.722000e-14
6692. 1.730000e-14
6696. 1.628000e-14
6700. 1.583000e-14
6704. 1.731000e-14
6708. 1.918000e-14
6712. 2.289000e-14
6716. 3.038000e-14
6720. 3.111000e-14
6724. 2.443000e-14
6728. 2.523000e-14
6732. 2.873000e-14
6736. 2.486000e-14
6740. 1.905000e-14
6744. 1.665000e-14
6748. 1.626000e-14
6752. 1.621000e-14
6756. 1.648000e-14
6760. 1.683000e-14
6764. 1.725000e-14
6768. 1.658000e-14
6772. 1.723000e-14
6776. 1.768000e-14
6780. 1.623000e-14
6784. 1.577000e-14
6788. 1.530000e-14
6792. 1.468000e-14
6796. 1.511000e-14
6800. 1.468000e-14
6804. 1.515000e-14
6808. 1.529000e-14
6812. 1.435000e-14
6816. 1.432000e-14
6820. 1.500000e-14
6824. 1.673000e-14
6828. 1.613000e-14
6832. 1.637000e-14
6836. 1.662000e-14
6840. 1.733000e-14
6844. 1.804000e-14
6848. 1.776000e-14
6852. 1.740000e-14
6856. 1.662000e-14
6860. 1.641000e-14
6864. 1.673000e-14
6868. 1.684000e-14
6872. 1.683000e-14
6876. 1.676000e-14
6880. 1.595000e-14
6884. 1.695000e-14
6888. 1.742000e-14
6892. 1.694000e-14
6896. 1.697000e-14
6900. 1.640000e-14
6904. 1.620000e-14
6908. 1.682000e-14
6912. 1.649000e-14
6916. 1.583000e-14
6920. 1.630000e-14
6924. 1.723000e-14
6928. 1.723000e-14
6932. 1.698000e-14
6936. 1.699000e-14
6940. 1.754000e-14
6944. 1.786000e-14
6948. 1.673000e-14
6952. 1.634000e-14
6956. 1.676000e-14
6960. 1.678000e-14
6964. 1.878000e-14
6968. 1.800000e-14
6972. 1.623000e-14
6976. 1.463000e-14
6980. 1.485000e-14
6984. 1.717000e-14
6988. 1.769000e-14
6992. 1.676000e-14
6996. 1.639000e-14
7000. 1.546000e-14
7004. 1.641000e-14
7008. 1.701000e-14
7012. 1.597000e-14
7016. 1.529000e-14
7020. 1.559000e-14
7024. 1.697000e-14
7028. 1.725000e-14
7032. 1.649000e-14
7036. 1.612000e-14
7040. 1.558000e-14
7044. 1.615000e-14
7048. 1.733000e-14
7052. 1.800000e-14
7056. 1.786000e-14
7060. 1.777000e-14
7064. 1.692000e-14
7068. 1.640000e-14
7072. 1.586000e-14
7076. 1.576000e-14
7080. 1.720000e-14
7084. 1.551000e-14
7088. 1.441000e-14
7092. 1.645000e-14
7096. 1.778000e-14
7100. 1.616000e-14
7104. 1.435000e-14
7108. 1.347000e-14
7112. 1.293000e-14
7116. 1.325000e-14
7120. 1.386000e-14
7124. 1.538000e-14
7128. 1.706000e-14
7132. 1.771000e-14
7136. 1.945000e-14
7140. 1.789000e-14
7144. 1.694000e-14
7148. 1.718000e-14
7152. 1.615000e-14
7156. 1.349000e-14
7160. 1.473000e-14
7164. 1.579000e-14
7168. 1.638000e-14
7172. 1.682000e-14
7176. 1.849000e-14
7180. 1.713000e-14
7184. 1.600000e-14
7188. 1.525000e-14
7192. 1.523000e-14
7196. 1.544000e-14
7200. 1.581000e-14
7204. 1.784000e-14
7208. 1.431000e-14
7212. 1.271000e-14
7216. 1.428000e-14
7220. 1.401000e-14
7224. 1.459000e-14
7228. 1.544000e-14
7232. 1.558000e-14
7236. 1.565000e-14
7240. 1.751000e-14
7244. 1.707000e-14
7248. 1.435000e-14
7252. 1.251000e-14
7256. 1.374000e-14
7260. 1.664000e-14
7264. 1.961000e-14
7268. 1.836000e-14
7272. 1.562000e-14
7276. 1.556000e-14
7280. 1.658000e-14
7284. 1.674000e-14
7288. 1.553000e-14
7292. 1.482000e-14
7296. 1.614000e-14
7300. 1.775000e-14
7304. 1.585000e-14
7308. 1.353000e-14
7312. 1.499000e-14
7316. 1.687000e-14
7320. 1.802000e-14
7324. 1.861000e-14
7328. 1.856000e-14
7332. 1.742000e-14
7336. 1.693000e-14
7340. 1.573000e-14
7344. 1.485000e-14
7348. 1.742000e-14
7352. 1.891000e-14
7356. 1.894000e-14
7360. 1.788000e-14
7364. 1.513000e-14
7368. 1.447000e-14
7372. 1.698000e-14
7376. 1.813000e-14
7380. 1.778000e-14
7384. 1.563000e-14
7388. 1.050000e-14
7392. 1.470000e-14
7396. 1.727000e-14
7400. 1.737000e-14
7404. 1.698000e-14
7408. 1.820000e-14
7412. 1.749000e-14
7416. 1.738000e-14
7420. 1.854000e-14
7424. 1.670000e-14
7428. 1.545000e-14
7432. 1.485000e-14
7436. 1.637000e-14
7440. 1.653000e-14
7444. 1.660000e-14
7448. 1.701000e-14
7452. 1.870000e-14
7456. 2.028000e-14
7460. 1.824000e-14
7464. 1.665000e-14
7468. 1.626000e-14
7472. 1.696000e-14
7476. 1.759000e-14
7480. 1.582000e-14
7484. 1.738000e-14
7488. 1.705000e-14
7492. 1.545000e-14
7496. 1.526000e-14
7500. 1.623000e-14
7504. 1.613000e-14
7508. 1.655000e-14
7512. 1.844000e-14
7516. 1.759000e-14
7520. 1.784000e-14
7524. 1.756000e-14
7528. 1.584000e-14
7532. 1.443000e-14
7536. 1.315000e-14
7540. 1.266000e-14
7544. 1.388000e-14
7548. 1.311000e-14
7552. 1.427000e-14
7556. 1.284000e-14
7560. 1.225000e-14
7564. 1.374000e-14
7568. 1.717000e-14
7572. 2.048000e-14
7576. 1.796000e-14
7580. 1.471000e-14
7584. 1.397000e-14
7588. 1.642000e-14
7592. 1.840000e-14
7596. 1.954000e-14
7600. 8.976000e-15
7604. 1.685000e-14
7608. 1.377000e-14
7612. 1.648000e-14
7616. 1.745000e-14
7620. 1.665000e-14
7624. 1.900000e-14
7628. 1.568000e-14
7632. 1.542000e-14
7636. 1.532000e-14
7640. 1.625000e-14
7644. 1.685000e-14
7648. 1.622000e-14
7652. 1.609000e-14
7656. 1.612000e-14
7660. 1.588000e-14
7664. 1.587000e-14
7668. 1.617000e-14
7672. 1.635000e-14
7676. 1.720000e-14
7680. 1.651000e-14
7684. 1.774000e-14
7688. 1.736000e-14
7692. 1.640000e-14
7696. 1.577000e-14
7700. 1.585000e-14
7704. 1.600000e-14
7708. 1.578000e-14
7712. 1.681000e-14
7716. 1.655000e-14
7720. 1.579000e-14
7724. 1.560000e-14
7728. 1.595000e-14
7732. 1.741000e-14
7736. 1.560000e-14
7740. 1.591000e-14
7744. 1.665000e-14
7748. 1.506000e-14
7752. 1.601000e-14
7756. 1.676000e-14
7760. 1.535000e-14
7764. 1.814000e-14
7768. 1.714000e-14
7772. 1.641000e-14
7776. 1.543000e-14
7780. 1.618000e-14
7784. 1.549000e-14
7788. 1.538000e-14
7792. 1.743000e-14
7796. 1.604000e-14
7800. 1.672000e-14
7804. 1.680000e-14
7808. 1.679000e-14
7812. 1.690000e-14
7816. 1.878000e-14
7820. 1.703000e-14
7824. 1.650000e-14
7828. 1.666000e-14
7832. 1.656000e-14
7836. 1.736000e-14
7840. 1.667000e-14
7844. 1.666000e-14
7848. 1.652000e-14
7852. 1.664000e-14
7856. 1.655000e-14
7860. 1.609000e-14
7864. 1.705000e-14
7868. 1.634000e-14
7872. 1.697000e-14
7876. 1.759000e-14
7880. 1.684000e-14
7884. 1.756000e-14
7888. 1.693000e-14
7892. 1.618000e-14
7896. 1.556000e-14
7900. 1.635000e-14
7904. 1.763000e-14
7908. 1.645000e-14
7912. 1.606000e-14
7916. 1.654000e-14
7920. 1.602000e-14
7924. 1.617000e-14
7928. 1.570000e-14
7932. 1.551000e-14
7936. 1.550000e-14
7940. 1.593000e-14
7944. 1.520000e-14
7948. 1.545000e-14
7952. 1.504000e-14
7956. 1.631000e-14
7960. 1.544000e-14
7964. 1.493000e-14
7968. 1.579000e-14
7972. 1.607000e-14
7976. 1.639000e-14
7980. 1.566000e-14
7984. 1.577000e-14
7988. 1.524000e-14
7992. 1.479000e-14
7996. 1.516000e-14
8000. 1.632000e-14
8004. 1.538000e-14
8008. 1.646000e-14
8012. 1.585000e-14
8016. 1.669000e-14
8020. 1.580000e-14
8024. 1.623000e-14
8028. 1.600000e-14
8032. 1.614000e-14
8036. 1.658000e-14
8040. 1.568000e-14
8044. 1.541000e-14
8048. 1.778000e-14
8052. 1.688000e-14
8056. 1.783000e-14
8060. 1.526000e-14
8064. 1.589000e-14
8068. 1.654000e-14
8072. 1.705000e-14
8076. 1.647000e-14
8080. 1.553000e-14
8084. 1.629000e-14
8088. 1.630000e-14
8092. 1.653000e-14
8096. 1.609000e-14
8100. 1.578000e-14
8104. 1.774000e-14
8108. 1.707000e-14
8112. 1.781000e-14
8116. 1.686000e-14
8120. 1.652000e-14
8124. 1.676000e-14
8128. 1.610000e-14
8132. 1.646000e-14
8136. 1.480000e-14
8140. 1.552000e-14
8144. 1.569000e-14
8148. 1.565000e-14
8152. 1.540000e-14
8156. 1.659000e-14
8160. 1.604000e-14
8164. 1.535000e-14
8168. 1.502000e-14
8172. 1.680000e-14
8176. 1.548000e-14
8180. 1.661000e-14
8184. 1.665000e-14
8188. 1.545000e-14
8192. 1.609000e-14
8196. 1.627000e-14
8200. 1.623000e-14
8204. 1.601000e-14
8208. 1.597000e-14
8212. 1.547000e-14
8216. 1.654000e-14
8220. 1.606000e-14
8224. 1.540000e-14
8228. 1.626000e-14
8232. 1.630000e-14
8236. 1.754000e-14
8240. 1.658000e-14
8244. 1.587000e-14
8248. 1.668000e-14
8252. 1.589000e-14
8256. 1.711000e-14
8260. 1.661000e-14
8264. 1.626000e-14
8268. 1.693000e-14
8272. 1.773000e-14
8276. 1.491000e-14
8280. 1.548000e-14
8284. 1.592000e-14
8288. 1.647000e-14
8292. 1.558000e-14
8296. 1.713000e-14
8300. 1.593000e-14
8304. 1.607000e-14
8308. 1.490000e-14
8312. 1.617000e-14
8316. 1.604000e-14
8320. 1.550000e-14
8324. 1.549000e-14
8328. 1.566000e-14
8332. 1.543000e-14
8336. 1.461000e-14
8340. 1.510000e-14
8344. 1.534000e-14
8348. 1.460000e-14
8352. 1.546000e-14
8356. 1.691000e-14
8360. 1.524000e-14
8364. 1.550000e-14
8368. 1.606000e-14
8372. 1.486000e-14
8376. 1.498000e-14
8380. 1.566000e-14
8384. 1.605000e-14
8388. 1.582000e-14
8392. 1.474000e-14
8396. 1.503000e-14
8400. 1.448000e-14
8404. 1.590000e-14
8408. 1.588000e-14
8412. 1.550000e-14
8416. 1.535000e-14
8420. 1.630000e-14
8424. 1.581000e-14
8428. 1.430000e-14
8432. 1.449000e-14
8436. 1.562000e-14
8440. 1.518000e-14
8444. 1.531000e-14
8448. 1.565000e-14
8452. 1.482000e-14
8456. 1.636000e-14
8460. 1.546000e-14
8464. 1.447000e-14
8468. 1.486000e-14
8472. 1.574000e-14
8476. 1.379000e-14
8480. 1.424000e-14
8484. 1.514000e-14
8488. 1.444000e-14
8492. 1.314000e-14
8496. 1.387000e-14
8500. 1.418000e-14
8504. 1.463000e-14
8508. 1.460000e-14
8512. 1.465000e-14
8516. 1.558000e-14
8520. 1.531000e-14
8524. 1.584000e-14
8528. 1.465000e-14
8532. 1.357000e-14
8536. 1.212000e-14
8540. 1.211000e-14
8544. 1.305000e-14
8548. 1.351000e-14
8552. 1.509000e-14
8556. 1.498000e-14
8560. 1.573000e-14
8564. 1.449000e-14
8568. 1.509000e-14
8572. 1.586000e-14
8576. 1.558000e-14
8580. 1.584000e-14
8584. 1.445000e-14
8588. 1.501000e-14
8592. 1.509000e-14
8596. 1.576000e-14
8600. 1.616000e-14
8604. 1.533000e-14
8608. 1.524000e-14
8612. 1.584000e-14
8616. 1.480000e-14
8620. 1.530000e-14
8624. 1.488000e-14
8628. 1.536000e-14
8632. 1.652000e-14
8636. 1.531000e-14
8640. 1.533000e-14
8644. 1.485000e-14
8648. 1.418000e-14
8652. 1.496000e-14
8656. 1.321000e-14
8660. 1.153000e-14
8664. 1.265000e-14
8668. 1.495000e-14
8672. 1.430000e-14
8676. 1.555000e-14
8680. 1.614000e-14
8684. 1.622000e-14
8688. 1.561000e-14
8692. 1.637000e-14
8696. 1.683000e-14
8700. 1.551000e-14
8704. 1.493000e-14
8708. 1.547000e-14
8712. 1.555000e-14
8716. 1.638000e-14
8720. 1.574000e-14
8724. 1.485000e-14
8728. 1.655000e-14
8732. 1.550000e-14
8736. 1.589000e-14
8740. 1.583000e-14
8744. 1.527000e-14
8748. 1.482000e-14
8752. 1.482000e-14
8756. 1.469000e-14
8760. 1.403000e-14
8764. 1.640000e-14
8768. 1.507000e-14
8772. 1.518000e-14
8776. 1.535000e-14
8780. 1.531000e-14
8784. 1.520000e-14
8788. 1.651000e-14
8792. 1.523000e-14
8796. 1.510000e-14
8800. 1.554000e-14
8804. 1.506000e-14
8808. 1.479000e-14
8812. 1.619000e-14
8816. 1.543000e-14
8820. 1.649000e-14
8824. 1.473000e-14
8828. 1.413000e-14
8832. 1.597000e-14
8836. 1.453000e-14
8840. 1.501000e-14
8844. 1.568000e-14
8848. 1.611000e-14
8852. 1.441000e-14
8856. 1.504000e-14
8860. 1.527000e-14
8864. 1.515000e-14
8868. 1.484000e-14
8872. 1.616000e-14
8876. 1.522000e-14
8880. 1.486000e-14
8884. 1.449000e-14
8888. 1.504000e-14
8892. 1.660000e-14
8896. 1.633000e-14
8900. 1.514000e-14
8904. 1.609000e-14
8908. 1.644000e-14
8912. 1.561000e-14
8916. 1.585000e-14
8920. 1.406000e-14
8924. 1.397000e-14
8928. 1.595000e-14
8932. 1.656000e-14
8936. 1.503000e-14
8940. 1.479000e-14
8944. 1.644000e-14
8948. 1.761000e-14
8952. 1.428000e-14
8956. 1.704000e-14
8960. 1.473000e-14
8964. 1.561000e-14
8968. 1.550000e-14
8972. 1.542000e-14
8976. 1.490000e-14
8980. 1.586000e-14
8984. 1.469000e-14
8988. 1.528000e-14
8992. 1.486000e-14
8996. 1.524000e-14
9000. 1.392000e-14
9004. 1.427000e-14
9008. 1.364000e-14
9012. 1.506000e-14
9016. 1.346000e-14
9020. 1.450000e-14
9024. 1.483000e-14
9028. 1.600000e-14
9032. 1.636000e-14
9036. 1.506000e-14
9040. 1.546000e-14
9044. 1.417000e-14
9048. 1.567000e-14
9052. 1.470000e-14
9056. 1.515000e-14
9060. 1.674000e-14
9064. 1.693000e-14
9068. 2.054000e-14
9072. 1.980000e-14
9076. 1.636000e-14
9080. 1.621000e-14
9084. 1.550000e-14
9088. 1.398000e-14
9092. 1.669000e-14
9096. 1.552000e-14
9100. 1.507000e-14
9104. 1.536000e-14
9108. 1.641000e-14
9112. 1.597000e-14
9116. 1.493000e-14
9120. 1.488000e-14
9124. 1.723000e-14
9128. 1.527000e-14
9132. 1.479000e-14
9136. 1.515000e-14
9140. 1.585000e-14
9144. 1.570000e-14
9148. 1.496000e-14
9152. 1.448000e-14
9156. 1.577000e-14
9160. 1.498000e-14
9164. 1.446000e-14
9168. 1.377000e-14
9172. 1.441000e-14
9176. 1.435000e-14
9180. 1.477000e-14
9184. 1.394000e-14
9188. 1.396000e-14
9192. 1.516000e-14
9196. 1.491000e-14
9200. 1.503000e-14
9204. 1.418000e-14
9208. 1.379000e-14
9212. 1.319000e-14
9216. 1.323000e-14
9220. 1.462000e-14
9224. 1.574000e-14
9228. 1.493000e-14
9232. 1.450000e-14
9236. 1.354000e-14
9240. 1.363000e-14
9244. 1.491000e-14
9248. 1.477000e-14
9252. 1.530000e-14
9256. 1.447000e-14
9260. 1.670000e-14
9264. 1.553000e-14
9268. 1.490000e-14
9272. 1.432000e-14
9276. 1.572000e-14
9280. 1.525000e-14
9284. 1.412000e-14
9288. 1.525000e-14
9292. 1.604000e-14
9296. 1.454000e-14
9300. 1.296000e-14
9304. 1.352000e-14
9308. 1.589000e-14
9312. 1.481000e-14
9316. 1.478000e-14
9320. 1.389000e-14
9324. 1.493000e-14
9328. 1.515000e-14
9332. 1.338000e-14
9336. 1.379000e-14
9340. 1.550000e-14
9344. 1.383000e-14
9348. 1.453000e-14
9352. 1.511000e-14
9356. 1.480000e-14
9360. 1.521000e-14
9364. 1.518000e-14
9368. 1.518000e-14
9372. 1.518000e-14
9376. 1.518000e-14
9380. 1.520000e-14
9384. 1.453000e-14
9388. 1.399000e-14
9392. 1.359000e-14
9396. 1.644000e-14
9400. 1.384000e-14
9404. 1.375000e-14
9408. 1.490000e-14
9412. 1.314000e-14
9416. 1.595000e-14
9420. 1.493000e-14
9424. 1.483000e-14
9428. 1.261000e-14
9432. 1.285000e-14
9436. 1.394000e-14
9440. 1.324000e-14
9444. 1.360000e-14
9448. 1.638000e-14
9452. 1.226000e-14
9456. 1.449000e-14
9460. 1.496000e-14
9464. 1.619000e-14
9468. 1.239000e-14
9472. 1.350000e-14
9476. 1.121000e-14
9480. 1.419000e-14
9484. 1.568000e-14
9488. 1.736000e-14
9492. 1.314000e-14
9496. 1.512000e-14
9500. 1.387000e-14
9504. 1.362000e-14
9508. 1.732000e-14
9512. 1.554000e-14
9516. 1.447000e-14
9520. 1.429000e-14
9524. 1.931000e-14
9528. 2.550000e-14
9532. 3.117000e-14
9536. 2.146000e-14
9540. 1.456000e-14
9544. 1.446000e-14
9548. 1.294000e-14
9552. 1.368000e-14
9556. 1.401000e-14
9560. 1.552000e-14
9564. 1.299000e-14
9568. 1.307000e-14
9572. 1.497000e-14
9576. 1.389000e-14
9580. 1.313000e-14
9584. 1.637000e-14
9588. 1.575000e-14
9592. 1.447000e-14
9596. 1.386000e-14
9600. 1.456000e-14
9604. 1.692000e-14
9608. 1.580000e-14
9612. 1.571000e-14
9616. 1.432000e-14
9620. 1.486000e-14
9624. 1.601000e-14
9628. 1.514000e-14
9632. 1.468000e-14
9636. 1.462000e-14
9640. 1.657000e-14
9644. 1.310000e-14
9648. 1.455000e-14
9652. 1.849000e-14
9656. 1.276000e-14
9660. 1.198000e-14
9664. 1.535000e-14
9668. 1.367000e-14
9672. 1.377000e-14
9676. 1.549000e-14
9680. 1.374000e-14
9684. 1.484000e-14
9688. 1.549000e-14
9692. 1.433000e-14
9696. 1.522000e-14
9700. 1.769000e-14
9704. 1.185000e-14
9708. 1.839000e-14
9712. 1.461000e-14
9716. 1.379000e-14
9720. 1.397000e-14
9724. 1.297000e-14
9728. 1.404000e-14
9732. 1.536000e-14
9736. 1.327000e-14
9740. 1.388000e-14
9744. 1.413000e-14
9748. 1.359000e-14
9752. 1.534000e-14
9756. 1.432000e-14
9760. 1.593000e-14
9764. 1.619000e-14
9768. 1.322000e-14
9772. 1.341000e-14
9776. 1.564000e-14
9780. 1.515000e-14
9784. 1.443000e-14
9788. 1.626000e-14
9792. 1.546000e-14
9796. 1.583000e-14
9800. 1.586000e-14
9804. 1.378000e-14
9808. 1.035000e-14
9812. 1.258000e-14
9816. 1.313000e-14
9820. 1.329000e-14
9824. 1.366000e-14
9828. 1.319000e-14
9832. 1.314000e-14
9836. 1.426000e-14
9840. 1.475000e-14
9844. 1.437000e-14
9848. 1.511000e-14
9852. 1.564000e-14
9856. 1.355000e-14
9860. 1.265000e-14
9864. 1.276000e-14
9868. 1.624000e-14
9872. 1.685000e-14
9876. 1.533000e-14
9880. 1.673000e-14
9884. 1.517000e-14
9888. 1.553000e-14
9892. 1.993000e-14
9896. 1.830000e-14
9900. 9.324000e-15
9904. 1.108000e-14
9908. 1.491000e-14
9912. 1.450000e-14
9916. 1.211000e-14
9920. 1.452000e-14
9924. 1.645000e-14
9928. 1.631000e-14
9932. 1.517000e-14
9936. 1.416000e-14
9940. 1.116000e-14
9944. 9.559000e-15
9948. 1.501000e-14
9952. 1.611000e-14
9956. 1.219000e-14
9960. 1.155000e-14
9964. 1.105000e-14
9968. 1.069000e-14
9972. 1.338000e-14
9976. 1.228000e-14
9980. 1.211000e-14
9984. 1.367000e-14
9988. 1.767000e-14
9992. 0.
9996. 0.
10000. 0.
